,Date,Latitude,longitude,Pressure,Salinity,Temperature,Label
0,1.547324550748956,1.9967094975294133,1.477730763382681,-0.89814026072841,1.005329328414344,0.7704515257804123,0.0
1,-0.8455981787102469,-0.0844981395686021,-1.0567234028077035,-0.9120323121255348,0.9752273975525976,0.9055502560802144,0.0
2,0.0186165631522149,0.799145487790966,0.1505556733698612,-0.8400179111610664,0.90279462641653,0.7899335744416713,0.0
3,-0.202932536823826,-1.149429373367367,-0.2766021743364788,1.2968661562119406,-1.1403739308242815,-1.24652033353672,0.0
4,-0.9120395554464978,-0.3096864192135675,-1.2073347589458945,-0.8212667565846781,1.0946944356601425,0.875399466485409,0.0
5,0.506063590793848,0.4364607741687596,0.3050985167975298,-0.8794514023466276,1.151135556025906,1.1945339778888902,0.0
6,0.3731106452606386,0.7152131676607102,0.4030604665092607,-0.8815071767686234,0.9300745012599811,1.2851023112486717,0.0
7,-0.1586076771550043,-0.7605739819746078,-0.3433131046450035,-0.8561526255640053,1.0288464619000792,0.9239886235631916,0.0
8,0.0629516948299207,0.5597494866366717,0.247650336347824,-0.8884220543698831,0.9187862771868271,0.8977806295307837,0.0
9,1.4586996294933658,1.811388613693221,1.3063077141881971,-0.7759151269115526,0.9620578028005888,0.8989402752844303,0.0
10,-0.3137267099803332,-0.3930347353768335,-0.3279889133123023,-0.7644526271040594,1.0043886430749098,0.8287817071888248,0.0
11,-0.4467188759110997,-0.2889999036954911,-0.0726176099756298,-0.2449646602851127,-0.4198089608213031,-0.2645323093489735,0.0
12,-1.2665883437840535,-1.1311427491511234,-1.018186537130003,-0.5348288537865589,0.1906958244684235,0.2204315448259389,0.0
13,-0.66838465138199,-0.650197232214275,-0.604216549463623,-0.8646872042250193,1.1962884523185222,1.078221508798159,0.0
14,-0.1807757099033518,-1.1448120920033846,-0.2890279699302232,1.1598145280788692,-1.141314616163709,-1.2074402716388373,0.0
15,-0.4467188759110997,-0.2889999036954911,-0.0726176099756298,-0.8926581956030871,1.1915850256213791,1.2659681563135066,0.0
16,-0.7126697718649271,-0.7937435822870115,-0.6932888101542208,1.6456625498106072,-1.1375518748059934,-1.2924423053811165,0.0
17,-1.510407392475375,-0.6274484526877799,-1.4610767111025806,-0.8461852344270547,1.102219918375574,0.9118123431499052,0.0
18,-1.2000982268844365,-1.3893911283646805,-1.1279684571435074,-0.8907270135703029,1.1417287026316132,1.291712292044456,0.0
19,-0.0478423226900883,-0.0185330664851503,0.0456745611129855,-0.856650995120853,1.0730586728532616,0.8256506636539795,0.0
20,-1.5990624034539584,-1.2162978275872516,-1.5886698947000373,0.829644696667379,-1.187408197795753,-1.1514293817377177,0.0
21,-0.6905411929688839,-0.772062435012661,-0.6659597123779867,-0.4786376862519995,0.0166690366739694,0.093450334801661,0.0
22,-1.2222554947749888,-1.3261179485665526,-1.0555085636695924,2.0007508590644743,-1.1714165470254487,-1.3613252631477109,0.0
23,0.3952650857548063,0.8061991607047161,0.4259861709791154,0.150616175462616,-0.951296177598958,-0.7537868528123772,0.0
24,-0.6240407262421335,-0.5021978518932744,-0.4039466507088084,0.1132384586990511,-0.8440580489039944,-0.6619429091235847,0.0
25,-1.2444144227881893,-1.2288812880634008,-1.0208043401021512,-0.8063779660738579,0.98933767764404,1.0522454439164803,0.0
26,-1.1779389875982396,-1.4414039816743596,-1.1989584271458502,-0.8395818377988249,1.16242378009906,1.2795360116311691,0.0
27,-0.9342076660130946,-0.3326633252896674,-1.2314115314704948,1.7515660806407078,-1.152602840236863,-1.309257168808989,0.0
28,1.1264077682840703,1.3772820399210406,0.8793571225027959,-0.9104749072603864,0.8999725703982415,1.1249552326701078,0.0
29,-0.1364503314462027,-0.2045748302180934,-0.3293281060629767,-0.853349296806738,0.9611171174611548,0.8972008066539606,0.0
30,-0.7569715195137597,-0.4494914938727996,-0.8000894320203944,-0.8615723944947222,0.9846342509468904,0.9590099253233124,0.0
31,1.48085173544006,1.9028673600843684,1.4217301865253702,-0.8813825843794117,0.9601764321217277,0.8501191890559182,0.0
32,0.727658214445625,0.1935424990885822,1.3125572803580048,1.832488837433826,-1.1328484481088434,-1.3075177001785192,0.0
33,-1.2665883437840535,-1.1311427491511234,-1.018186537130003,-0.839394949215007,1.120092939824739,1.278260401302158,0.0
34,0.3952650857548063,0.8061991607047161,0.4259861709791154,-0.8350342155925912,1.011914125790348,1.16102021560851,0.0
35,0.4174259332848184,0.7659211371066594,0.4305171064522253,-0.861883875467752,1.0128548111297755,1.2530960884480318,0.0
36,1.370081582183115,1.03501008995739,0.8677507853302961,-0.835221104176409,1.026024405881791,1.1004867072681694,0.0
37,0.594732090268946,0.1809042882405301,0.7245241206458167,-0.7866300723837746,1.06553319013783,0.9973941997690072,0.0
38,0.594732090268946,0.1809042882405301,0.7245241206458167,0.9105674534604972,-1.1441366721819977,-1.1300918998706246,0.0
39,1.702326441169941,1.5502567148926731,1.2546116854580498,-0.8324800716137476,0.9978038456989056,0.8953453734481263,0.0
40,-0.3137267099803332,-0.3930347353768335,-0.3279889133123023,-0.5533931197791294,0.230204608724456,0.2490747949410042,0.0
41,-0.3137267099803332,-0.3930347353768335,-0.3279889133123023,-0.5284123457421469,0.1568311522489613,0.1928319758891549,0.0
42,-1.576916289512447,-0.7353431855884227,-1.6009330740312004,-0.220170774831948,-0.3887663446201294,-0.2353092363570849,0.0
43,1.0156104305187657,-0.6114887192774917,1.0885135217245752,-0.8668052748416214,0.962998488140016,0.9941471916587972,0.0
44,-1.0671454369877251,-1.215604322876456,-1.2690141507768906,1.0103036610246094,-1.1685944910071602,-1.1805364901542417,0.0
45,0.971306244564794,-0.2676746338385222,0.9792226390529838,1.954091009304624,-1.139433245484848,-1.3412633916096286,0.0
46,1.547324550748956,1.9967094975294133,1.477730763382681,1.79205860713457,-1.0905176078345158,-1.2726123629937636,0.0
47,-1.621238140208969,-1.7322470822953142,-1.6206255845744304,1.807632655786056,-1.167653805667733,-1.3412633916096286,0.0
48,-0.889897877145186,-0.2806413469180043,-1.1624749903525164,-0.9003829237342238,1.038253315294372,0.8972008066539606,0.0
49,1.1485587588358606,1.622901333348526,0.8069259260163943,-0.8411392426639734,1.0862282676052768,1.0950363722260317,0.0
50,-1.0671454369877251,-1.215604322876456,-1.2690141507768906,0.2128500738739517,-0.9691691990481164,-0.7693261059112386,0.0
51,1.0821021297227815,0.3893480791445705,1.1223185730165646,-0.7997745694456283,0.8472941913901869,0.8490755078776364,0.0
52,0.0407827801414164,0.8362023645086148,0.2091166592242927,0.0913724943923656,-0.7716252777679269,-0.6018732590847027,0.0
53,-0.889897877145186,-0.2806413469180043,-1.1624749903525164,-0.8137912132319651,1.0674145608166845,0.869369308566448,0.0
54,-1.4660593689077317,-1.43769008144681,-1.598525715634159,-0.800023754224052,1.0711773021744069,0.8461763934935203,0.0
55,-1.2444144227881893,-1.2288812880634008,-1.0208043401021512,2.056817434209821,-1.1704758616860216,-1.368283137669589,0.0
56,-1.6878509505480344,-1.1016322986943663,-1.812767858754328,-0.8927204917976931,1.0805841555686997,0.9336136833184568,0.0
57,0.1072469057458272,-0.1636215520332057,0.2704484986509483,-0.8689856416528293,0.9658205441583048,0.961677110556699,0.0
58,0.794106880157877,0.8533666061008113,1.1991563513635135,0.8888260815430234,-1.1554248962551517,-1.119075265210984,0.0
59,0.9491450079435362,-0.0968260983091949,0.9879305804865268,0.543019905285442,-1.1817640857591756,-1.0492645908414724,0.0
60,1.0377700848356246,-0.4644839707127652,1.2354739833400992,-0.5221827262815527,-0.1084421134701524,0.0440494256963258,0.0
61,0.7498115395448887,0.5392089721103396,1.2709753454496069,2.2187875401852697,-1.156365581594579,-1.370022606300059,0.0
62,0.727658214445625,0.1935424990885822,1.3125572803580048,-0.8421982779722743,0.8661078981787793,0.8502351536312825,0.0
63,-1.6983686057051033,-0.7950028408408225,-1.7892171976674909,-0.9063633584163944,1.1012792330361467,0.912392166026728,0.0
64,-1.1557713958199705,-1.47496595965208,-1.2664569303339404,-0.8152863219025076,1.026965091221218,1.072771173756021,0.0
65,0.2401682570698933,-0.0344380495235325,0.5098323913879198,1.1161448956601043,-1.1262636507328392,-1.1747382613860096,0.0
66,-1.4217471676741,-1.7091059251034992,-1.5503785476932943,0.5585939539369273,-1.2287983527306463,-1.0904320150959188,0.0
67,-0.3580368879394874,-0.2754035613391002,-0.2765734773489643,-0.1297789964587268,-0.621115623459215,-0.4468286218221829,0.0
68,0.129383240527366,-0.4765016773458955,0.3030323336964904,-0.8626314298030233,1.0081513844326324,0.9551830943362792,0.0
69,-1.576916289512447,-0.7353431855884227,-1.6009330740312004,-0.80419759926265,0.9366592986359922,0.8847925970899446,0.0
70,-1.5325772150434522,-0.1119280758929726,-1.5286676823615506,1.4400228114163944,-1.1431959868425705,-1.2451287586323443,0.0
71,-0.4467188759110997,-0.2889999036954911,-0.0726176099756298,-0.823447123395886,1.0335498885972223,1.0451716048192374,0.0
72,0.3288024386971289,0.2077958459078333,0.4809759761650848,-0.8208306832224366,0.8604637861422022,0.9841742381774384,0.0
73,-1.643423941457533,-2.110581277220343,-1.7301492317003069,-0.875651334475665,0.9046759970953911,0.9265398442212138,0.0
74,-1.1557713958199705,-1.47496595965208,-1.2664569303339404,-0.8560903293693994,1.1671272067962095,1.2765209326716886,0.0
75,1.4365475494860882,1.7106844296360917,1.144648017856953,1.9790717833416065,-1.1422553015031365,-1.333145871334104,0.0
76,-0.801280037350266,-0.008723624852186,-0.9253932337250342,-0.8605133591864214,0.9921597336623286,0.9586620315972184,0.0
77,-1.3330901334210392,-0.747589018771158,-1.359211971088889,-0.9005075161234357,0.9375999839754194,1.2933357960995608,0.0
78,-0.801280037350266,-0.008723624852186,-0.9253932337250342,0.826467590742476,-1.2137473872997766,-1.158967079136419,0.0
79,-0.4245583655935006,-0.2152420276775682,-0.1312391783592572,-0.805443523154769,0.9535916347457232,0.9358170102503848,0.0
80,-0.4467188759110997,-0.2889999036954911,-0.0726176099756298,0.2813758879404874,-1.092398978513377,-0.902453438429842,0.0
81,-0.202932536823826,-1.149429373367367,-0.2766021743364788,0.8077787323606935,-1.1855268271168913,-1.1489941256550604,0.0
82,-0.1586076771550043,-0.7605739819746078,-0.3433131046450035,-0.7464490268629422,1.1059826597332965,0.9275835253994956,0.0
83,-1.0006545159662004,-0.6188982696086267,-1.248913505300124,-0.3105002570105633,-0.3755967498681208,-0.2024912615288926,0.0
84,-1.5325772150434522,-0.1119280758929726,-1.5286676823615506,-0.7340520841363599,0.9432440960119964,0.7788009752066661,0.0
85,-0.9120395554464978,-0.3096864192135675,-1.2073347589458945,0.9355482274974796,-1.1883488831351798,-1.1576914688074085,0.0
86,1.3036687906837077,1.3877667361408326,0.8211436890527061,-0.8027024905921075,0.9488882080485735,1.0387935531741823,0.0
87,-1.576916289512447,-0.7353431855884227,-1.6009330740312004,1.5678546027477864,-1.1441366721819977,-1.2804979541185588,0.0
88,-1.1557713958199705,-1.47496595965208,-1.2664569303339404,-0.8344112536465317,1.1596017240807714,1.274781464041219,0.0
89,-1.1336169553258026,-1.4682864142796788,-1.3066964839374955,-0.7677543254181742,1.049541539367526,0.8929101173654692,0.0
90,0.5725840308712062,0.219412049813663,0.4228295023525284,1.085059094551739,-1.1027465172470972,-1.1710273949743413,0.0
91,-1.4217471676741,-1.7091059251034992,-1.5503785476932943,-0.5565079295094265,-0.0106108381694883,0.0956536617335893,0.0
92,1.635884156554117,1.8664583627675928,1.3395738998257491,0.7734535291328198,-1.1225009093751168,-1.0841699280262282,0.0
93,0.1072469057458272,-0.1636215520332057,0.2704484986509483,-0.8368408052361634,0.9535916347457232,0.900331850188806,0.0
94,-0.6462140506314213,-0.5473486585908699,-0.5064714214353353,0.4807860068741063,-1.2156287579786378,-1.0467133701834503,0.0
95,0.6169030022925112,-0.0737670666752374,1.060103504085298,-0.7732986867381031,0.6459875287522817,0.7107297694676242,0.0
96,0.5282390162758621,0.3435037677361796,0.2611538632504434,-0.7309995706006688,0.9281931305811266,0.7109616986183533,0.0
97,-0.1364503314462027,-0.2045748302180934,-0.3293281060629767,-0.7927973956497628,0.9225490185445496,0.8229834784205928,0.0
98,-0.3580368879394874,-0.2754035613391002,-0.2765734773489643,-0.9101634262873568,1.168067892135637,1.2663160500396005,0.0
99,0.4395948739127391,0.712959277350625,0.402339853267232,0.9635192188755476,-1.1488400988791474,-1.1561839293276677,0.0
100,1.4365475494860882,1.7106844296360917,1.144648017856953,1.0134184707549063,-1.0829921251190842,-1.1291641832677075,0.0
101,0.8826617909286743,0.4397549215450411,1.088762228949701,-0.8133551398697234,0.9724053415343088,0.7829756999197932,0.0
102,-0.5353405547396431,-0.4897512673468887,-0.0342146635729959,2.041305681752942,-1.1629503789705833,-1.361209298572346,0.0
103,0.3288024386971289,0.2077958459078333,0.4809759761650848,1.502319006022336,-1.124382280053978,-1.270756929787929,0.0
104,-1.5547382960282117,-0.2515506493125189,-1.6076226606762296,-0.8531624082229202,0.897150514379953,0.9425429556215336,0.0
105,0.594732090268946,0.1809042882405301,0.7245241206458167,-0.2949262083590779,-0.3342065949332203,-0.1762832674964846,0.0
106,-0.1142838810022539,0.0848995111052411,-0.1988078297390489,2.007042774719674,-1.1573062669340062,-1.3476414432546835,0.0
107,0.6390413603485271,-0.4113669849030029,1.212219857790913,-0.210639457057239,-0.4875383052602274,-0.3179919785920712,0.0
108,0.550422820189365,0.3004608503569217,0.2760061485662405,-0.8792022175682038,0.8463535060507597,1.0910935766636338,0.0
109,0.0850891190669472,0.2206348081195389,0.2584276494365735,-0.8274340798506663,0.994981789680617,0.8760952539375969,0.0
110,1.2372053395041227,1.8590305623124928,0.8659651949960651,-0.769124841699505,0.858582415463341,0.8234473367220516,0.0
111,1.5694881997359365,2.053987511603952,1.427686405711697,-0.7602787820654613,0.9865156216257516,0.7677843405470257,0.0
112,1.370081582183115,1.03501008995739,0.8677507853302961,-0.8602641744079974,0.9620578028005888,1.0923691869926448,0.0
113,-1.4217471676741,-1.7091059251034992,-1.5503785476932943,0.4901304360649975,-1.233501779427796,-1.059005615172102,0.0
114,-0.468869607068726,-0.4101716017830785,-0.0189478662153237,0.5461347150157391,-1.2118660166209152,-1.0701382144071072,0.0
115,0.594732090268946,0.1809042882405301,0.7245241206458167,0.8234150772067849,-1.151662154897436,-1.108174595126708,0.0
116,0.9048134040264572,0.2164190294828602,1.067746468426639,-0.7742954258517982,1.0128548111297755,0.742735992268264,0.0
117,0.5282390162758621,0.3435037677361796,0.2611538632504434,-0.7937318385688519,1.1699492628144983,1.1687898421579406,0.0
118,-0.66838465138199,-0.650197232214275,-0.604216549463623,-0.8932811575491465,1.0090920697720596,1.1282022407803178,0.0
119,0.9269793097426622,0.0469483783131432,1.0174916661805498,-0.176501142413183,-0.571259300469449,-0.4043855872387257,0.0
120,0.0186165631522149,0.799145487790966,0.1505556733698612,-0.8679889025391342,0.9206676478656884,0.8372471211904434,0.0
121,-1.3330901334210392,-0.747589018771158,-1.359211971088889,1.7733074525581816,-1.1460180428608588,-1.3101848854119058,0.0
122,-0.1364503314462027,-0.2045748302180934,-0.3293281060629767,-0.8125452893398463,0.9752273975525976,0.8897790738306239,0.0
123,0.506063590793848,0.4364607741687596,0.3050985167975298,2.056755138015216,-1.1610690082917288,-1.3614412277230754,0.0
124,0.0407827801414164,0.8362023645086148,0.2091166592242927,-0.7906170288385548,0.8002599244187162,0.7830916644951575,0.0
125,1.2593510643543888,1.8023274271429544,0.904215090798621,-0.7911776945900083,0.8773961222519333,0.907289724710684,0.0
126,1.370081582183115,1.03501008995739,0.8677507853302961,-0.2325054213639244,-0.4386226676098954,-0.2729977233505918,0.0
127,-1.2665883437840535,-1.1311427491511234,-1.018186537130003,-0.5097234873603643,0.1145003119746335,0.1712625648713324,0.0
128,0.2180139462728074,-0.0731100622123772,0.4631965981228164,-0.6498899252237329,0.8303618552804626,0.6134354907366939,0.0
129,-0.1364503314462027,-0.2045748302180934,-0.3293281060629767,-0.8250045282610345,0.978049453570886,0.8914025778857287,0.0
130,1.5694881997359365,2.053987511603952,1.427686405711697,-0.8695463074042827,0.9761680828920248,0.7963116260867263,0.0
131,-1.2444144227881893,-1.2288812880634008,-1.0208043401021512,-0.8668052748416214,1.1812374868876525,1.317920286076864,0.0
132,0.9048134040264572,0.2164190294828602,1.067746468426639,2.059932243940118,-1.151662154897436,-1.3536716011736447,0.0
133,-1.6656067596732134,-1.9115728004079209,-1.8452177745248028,1.670518731458378,-1.1648317496494445,-1.319925909742535,0.0
134,-0.5575416861832837,-0.3811447796114829,-0.0826201044014908,1.1192597053904012,-1.1488400988791474,-1.194452239197998,0.0
135,1.525160097640068,1.956659600480962,1.5094505002486225,0.7609942902116315,-1.1319077627694163,-1.0665433125708033,0.0
136,-1.0449748881159897,-1.1136591303894838,-1.2589829593635171,-0.8625068374138114,1.1106860864304395,1.056536133204972,0.0
137,-0.5575416861832837,-0.3811447796114829,-0.0826201044014908,-0.5471012041239294,0.242433518137044,0.2494226886670981,0.0
138,0.1515320262287643,-0.5695955597082392,0.3808745066064436,-0.7909908060061905,0.9488882080485735,0.823215407571322,0.0
139,0.4617499888317325,0.6581085297638741,0.3680628959583385,2.1409795931224487,-1.1535435255762905,-1.3548312469272912,0.0
140,-0.0256899832886468,0.1827840510092661,0.0777450389374365,0.0663917203553831,-0.7434047175850418,-0.5772887691073996,0.0
141,0.0407827801414164,0.8362023645086148,0.2091166592242927,-0.862942910776053,0.8077854071341544,0.8660063358808731,0.0
142,-1.643423941457533,-2.110581277220343,-1.7301492317003069,-0.101808005080659,-0.5486828523231408,-0.3777137349048592,0.0
143,0.5725840308712062,0.219412049813663,0.4228295023525284,0.7174492501820783,-1.187408197795753,-1.1021444372077471,0.0
144,-0.7569715195137597,-0.4494914938727996,-0.8000894320203944,-0.4724080667914054,-0.0886877213421328,0.0387150552295526,0.0
145,1.0821021297227815,0.3893480791445705,1.1223185730165646,1.9446842839191267,-1.1431959868425705,-1.3358130565674906,0.0
146,-0.0700146613815539,-0.0807659892170848,0.0143757133972559,-0.8338505878950784,1.1012792330361467,0.8147499935697039,0.0
147,1.3036687906837077,1.3877667361408326,0.8211436890527061,0.187993892226181,-0.901439854609192,-0.7296662211365327,0.0
148,-1.3995845043849418,-1.4480926521087445,-1.4799370090078934,-0.906674839389424,0.8510569327479094,1.2477617179812586,0.0
149,1.5694881997359365,2.053987511603952,1.427686405711697,-0.7709937275376832,0.9978038456989056,0.7739304630413516,0.0
150,0.6169030022925112,-0.0737670666752374,1.060103504085298,0.5118718079824711,-1.1488400988791474,-1.0057778750797337,0.0
151,0.4617499888317325,0.6581085297638741,0.3680628959583385,0.3623609409282114,-1.0575936209544876,-0.878448771329362,0.0
152,1.6801784855298667,1.644664606180734,1.2876068439912989,-0.5004413543640791,-0.0538823637832433,0.0584290330415407,0.0
153,1.525160097640068,1.956659600480962,1.5094505002486225,1.994458943409274,-1.1149754266596852,-1.3128520706452924,0.0
154,0.3509561010088054,0.5200098416956792,0.4147114434401167,-0.8799497719034749,0.8595231008027749,1.2468340013783414,0.0
155,0.9269793097426622,0.0469483783131432,1.0174916661805498,-0.7997122732510222,0.9263117599022654,0.7608264660251473,0.0
156,0.2623331511488597,-0.1048014024833487,0.5710048031061634,-0.5596227392397235,0.2273825527061675,0.2508142635714734,0.0
157,-0.4910127898561875,-0.5473577836528569,0.0012866985365117,-0.8730348943022155,1.2094580470705376,1.214363920276243,0.0
158,-0.7569715195137597,-0.4494914938727996,-0.8000894320203944,1.4897974709065418,-1.130026392090555,-1.267393957102355,0.0
159,-0.7791253374619345,-0.2009339304864142,-0.8696381755386821,1.960258332570612,-1.1469587282002862,-1.3352332336906674,0.0
160,-1.4660593689077317,-1.43769008144681,-1.598525715634159,-0.8413884274423972,1.076821414210984,1.004120145140156,0.0
161,-1.621238140208969,-1.7322470822953142,-1.6206255845744304,1.340348900046888,-1.1497807842185743,-1.2620595866355817,0.0
162,1.2372053395041227,1.8590305623124928,0.8659651949960651,-0.84257205513991,1.032609203257795,1.225844413237342,0.0
163,-0.6905411929688839,-0.772062435012661,-0.6659597123779867,-0.8542837397258272,0.9357186132965584,1.0632620785761209,0.0
164,-1.1557713958199705,-1.47496595965208,-1.2664569303339404,0.4401688879910325,-1.194933680511191,-1.0260716757685449,0.0
165,-0.4910127898561875,-0.5473577836528569,0.0012866985365117,0.8045393302411847,-1.198696421868907,-1.1547923544232923,0.0
166,-1.111451620276758,-1.402987470721068,-1.3074649254920476,-0.8456868648702071,1.157720353401917,1.1802703351190396,0.0
167,0.3509561010088054,0.5200098416956792,0.4147114434401167,-0.7652001814393307,0.9018539410771028,0.7547963081061861,0.0
168,0.7055274306991901,-0.2002860510855411,1.32754348494887,-0.8493623403519577,0.848234876729621,0.8946495859959388,0.0
169,1.1928857974156577,1.8300858656987555,0.7839460161256788,1.832551133628432,-1.1065092586048195,-1.2937179157101273,0.0
170,-0.7126697718649271,-0.7937435822870115,-0.6932888101542208,1.3186698243240202,-1.139433245484848,-1.2252988162449914,0.0
171,1.2372053395041227,1.8590305623124928,0.8659651949960651,0.3622986447336055,-1.0444240262024722,-0.8937560952774941,0.0
172,-0.0700146613815539,-0.0807659892170848,0.0143757133972559,-0.4102364645746756,-0.072696070571829,0.0232917667060557,0.0
173,-1.2444144227881893,-1.2288812880634008,-1.0208043401021512,-0.8182765392435929,1.174652689511648,1.3150211716927482,0.0
174,-0.0256899832886468,0.1827840510092661,0.0777450389374365,0.7639845075527169,-1.2024591632266224,-1.1302078644459892,0.0
175,0.1736897610288115,-0.4508055027985168,0.4385267545229177,-0.7121861198296745,0.9592357467823004,0.6812747673250062,0.0
176,1.325798484974655,1.1225650596953507,0.7910915660167701,-0.7822693387613586,0.8849216049673716,0.8219397972423111,0.0
177,-0.3802112499054302,-0.2122581324087492,-0.2466297651547488,1.5802515454743689,-1.1337891334482708,-1.285600395434603,0.0
178,1.0599350307934237,-0.1384363809569396,1.250087127093276,0.9697488383361416,-1.187408197795753,-1.1524730629159994,1.0
179,-1.643423941457533,-2.110581277220343,-1.7301492317003069,-0.9124060892931706,0.9046759970953911,0.9259600213443908,0.0
180,1.28150047260178,1.628768748204339,0.8747528502838151,1.9354021509228407,-1.124382280053978,-1.3202738034686292,0.0
181,-1.4439159007866895,-1.69502595446195,-1.599393002367927,-0.7922990260929152,0.827539799262174,0.9514722279246108,0.0
182,0.4395948739127391,0.712959277350625,0.402339853267232,-0.7975319064398143,0.908438738453107,0.7930646179765166,0.0
183,-1.2665883437840535,-1.1311427491511234,-1.018186537130003,-0.7247699511400746,1.0787027848898385,0.8416537750542996,0.0
184,-1.02280200469678,-0.8883339748147548,-1.2492355492711174,-0.8112370692531216,1.0984571770178582,1.016876248430266,0.0
185,-0.9785031103837484,-0.4014297924022555,-1.2538493871526035,-0.1454153413048182,-0.5505642230020021,-0.3569560759145891,0.0
186,0.9491450079435362,-0.0968260983091949,0.9879305804865268,0.8514483647794585,-1.1234415947145506,-1.1106098512093654,0.0
187,1.547324550748956,1.9967094975294133,1.477730763382681,-0.7737347601003447,1.0203802938452138,0.7513173708452473,0.0
188,-1.1779389875982396,-1.4414039816743596,-1.1989584271458502,-0.7789053442526378,0.9677019148371592,0.8272741677090844,0.0
189,-0.2472421959946527,-0.7033507182719758,-0.3504267689944133,0.6363396048051423,-1.2146880726392038,-1.1089863471542605,0.0
190,-0.2250774056733518,-0.9649114949857818,-0.3193670628413027,-0.7796528985879091,0.9912190483229012,0.8864161011450494,0.0
191,1.0821021297227815,0.3893480791445705,1.1223185730165646,1.505496111947239,-1.1196788533568285,-1.260668011731206,0.0
192,1.658010504660352,1.74237576990706,1.3022327419611497,1.4805153379102565,-1.0651191036699192,-1.2246030287928038,0.0
193,-1.488229347112307,-1.0701234596630809,-1.5238019487007703,0.8419170470047497,-1.205281219244911,-1.1645333787539216,0.0
194,1.4586996294933658,1.811388613693221,1.3063077141881971,-0.8959598939172021,0.9432440960119964,0.8949974797220324,0.0
195,1.325798484974655,1.1225650596953507,0.7910915660167701,0.2377062555217224,-0.9287197294526498,-0.7657312040749348,0.0
196,-0.9563632997204154,-0.3069762758042724,-1.24637860473635,0.8950557010036176,-1.189289568474614,-1.158387256259596,0.0
197,-0.66838465138199,-0.650197232214275,-0.604216549463623,-0.8702938617395541,1.200991879015672,1.0863390290736838,0.0
198,0.2401682570698933,-0.0344380495235325,0.5098323913879198,-0.0269902753589232,-0.6408700155872279,-0.4711811826487568,0.0
199,-1.288743303066549,-0.9830612432722652,-1.11016994777623,1.7328772222589257,-1.1478994135397134,-1.3115764603162816,0.0
200,-0.3802112499054302,-0.2122581324087492,-0.2466297651547488,-0.5627375489700206,0.1229664800294991,0.1713785294466972,0.0
201,-0.9785031103837484,-0.4014297924022555,-1.2538493871526035,-0.7279470570649776,0.8783368075913606,0.6725774241726585,0.0
202,-0.6018677390652586,-0.4815752118090846,-0.2850103916782044,-0.8316079248892644,1.3110520637289174,1.0856432416214958,0.0
203,1.702326441169941,1.5502567148926731,1.2546116854580498,-0.76582314338539,0.9912190483229012,0.7980510947171959,0.0
204,0.9269793097426622,0.0469483783131432,1.0174916661805498,0.708167117185793,-1.1629503789705833,-1.0902000859451892,0.0
205,-1.3995845043849418,-1.4480926521087445,-1.4799370090078934,1.3122533162796084,-1.141314616163709,-1.2444329711801567,0.0
206,0.9491450079435362,-0.0968260983091949,0.9879305804865268,0.5304983701696477,-1.1817640857591756,-1.045901618155898,0.0
207,1.215039096575505,1.855015535039465,0.8186598053556244,0.7485350512904432,-1.156365581594579,-1.0844018571769574,0.0
208,1.347947945100879,0.9577025648276324,0.8085361458713705,-0.7799643795609389,0.8454128207113324,0.7485342210364959,0.0
209,0.4174259332848184,0.7659211371066594,0.4305171064522253,-0.2794144559021984,-0.4310971848944571,-0.2556030370458965,0.0
210,-0.9342076660130946,-0.3326633252896674,-1.2314115314704948,-0.7620230755144276,1.092813064981281,0.8934899402422922,0.0
211,-0.8234407551831961,0.0448952393667084,-0.9895820176864596,-0.2077115359107597,-0.4442667796464725,-0.287029436969713,0.0
212,0.3952650857548063,0.8061991607047161,0.4259861709791154,0.0166170608652358,-0.7161248427415906,-0.5373969551819645,0.0
213,-0.9563632997204154,-0.3069762758042724,-1.24637860473635,-0.8548444054772807,1.0711773021744069,0.9116963785745404,0.0
214,1.4365475494860882,1.7106844296360917,1.144648017856953,2.0848507217824954,-1.1535435255762905,-1.3508884513648935,0.0
215,-1.5547382960282117,-0.2515506493125189,-1.6076226606762296,-0.2668929207864042,-0.2768247892280228,-0.1414938948870936,0.0
216,-0.0256899832886468,0.1827840510092661,0.0777450389374365,-0.5908331327373002,0.5114695252138669,0.4172234292197279,0.0
217,1.525160097640068,1.956659600480962,1.5094505002486225,-0.8840613207474672,0.9808715095891744,0.7959637323606323,0.0
218,1.4365475494860882,1.7106844296360917,1.144648017856953,0.6083063172324686,-1.1441366721819977,-1.0403353185383954,0.0
219,0.1072469057458272,-0.1636215520332057,0.2704484986509483,-0.4506666948739318,-0.0491789370860936,0.0571534227125297,0.0
220,-0.6905411929688839,-0.772062435012661,-0.6659597123779867,1.8668763368563053,-1.1488400988791474,-1.3288551820456125,0.0
221,1.4586996294933658,1.811388613693221,1.3063077141881971,-0.8339128840896842,0.9441847813514238,0.896389054626408,0.0
222,1.104256336762202,0.9633144779478888,0.9865945762900216,1.5710317086726893,-1.0679411596882076,-1.23225669076687,0.0
223,-0.6018677390652586,-0.4815752118090846,-0.2850103916782044,-0.8473065659299617,1.3204589171232102,1.0981674157608767,0.0
224,0.2623331511488597,-0.1048014024833487,0.5710048031061634,-0.8288668923266029,0.8999725703982415,1.0559563103281489,0.0
225,0.0850891190669472,0.2206348081195389,0.2584276494365735,-0.8118600311991809,0.9902783629834672,0.833188361052681,0.0
226,-1.488229347112307,-1.0701234596630809,-1.5238019487007703,-0.9105994996495984,0.728767838622076,1.1074445817900476,0.0
227,-1.288743303066549,-0.9830612432722652,-1.11016994777623,-0.8397687263826427,1.139847331952759,1.2805796928094508,0.0
228,0.0629516948299207,0.5597494866366717,0.247650336347824,0.5242064545144476,-1.1817640857591756,-1.0316379753860478,0.0
229,-0.2693979593990555,-0.5202745996838841,-0.3573554972020614,1.795235713059473,-1.150721469558002,-1.327347642565872,0.0
230,0.7498115395448887,0.5392089721103396,1.2709753454496069,-0.7695609150617466,0.8792774929307946,0.8001384570737595,0.0
231,0.6390413603485271,-0.4113669849030029,1.212219857790913,-0.881133399600988,0.8670485835182066,0.9599376419262292,0.0
232,0.5725840308712062,0.219412049813663,0.4228295023525284,-0.9070486165570596,0.8087260924735817,1.0574638498078892,0.0
233,-1.621238140208969,-1.7322470822953142,-1.6206255845744304,1.5429361249054097,-1.1591876376128674,-1.2977766758478897,0.0
234,-0.3137267099803332,-0.3930347353768335,-0.3279889133123023,-0.8775202203138434,0.9695832855160204,1.2477617179812586,0.0
235,0.129383240527366,-0.4765016773458955,0.3030323336964904,0.2314143398665222,-0.9268383587737886,-0.7507717738528967,0.0
236,0.7498115395448887,0.5392089721103396,1.2709753454496069,-0.8641888346681719,0.8839809196279377,0.8010661736766764,0.0
237,0.0850891190669472,0.2206348081195389,0.2584276494365735,0.5274458566339566,-1.17800134440146,-1.0217809864800536,0.0
238,-1.0893023676658649,-1.3246579386490882,-1.2845200896971842,0.3871548263813761,-1.152602840236863,-0.9629869467701824,0.0
239,-0.6905411929688839,-0.772062435012661,-0.6659597123779867,-0.8546575168934627,0.9272524452416928,1.0630301494253915,0.0
240,0.0407827801414164,0.8362023645086148,0.2091166592242927,-0.7627706298496989,0.864226527499918,0.7851790268517211,0.0
241,-0.5575416861832837,-0.3811447796114829,-0.0826201044014908,1.8605221250065,-1.1573062669340062,-1.3372046314718662,0.0
242,-0.9120395554464978,-0.3096864192135675,-1.2073347589458945,-0.8463721230108725,1.0946944356601425,0.8750515727593151,0.0
243,0.7498115395448887,0.5392089721103396,1.2709753454496069,-0.8524771500822548,0.8839809196279377,0.8009502091013116,0.0
244,0.0407827801414164,0.8362023645086148,0.2091166592242927,-0.3633274300364016,-0.1836969406245084,-0.0364299896067323,0.0
245,0.9934367429776486,-0.5026997303024033,0.9981754050291748,-0.6997268809084861,1.0316685179183678,0.737285657226126,0.0
246,1.0156104305187657,-0.6114887192774917,1.0885135217245752,-0.8580215114021836,0.9865156216257516,0.992639652179057,0.0
247,-0.3580368879394874,-0.2754035613391002,-0.2765734773489643,1.7328149260643195,-1.1450773575214248,-1.319346086865712,0.0
248,1.5694881997359365,2.053987511603952,1.427686405711697,0.0571718835537037,-0.7697439070890657,-0.5885373329177693,0.0
249,1.4143785829187512,1.6011471855783015,0.9970530339619448,-0.8572116608723064,0.9328965572782696,0.9950749082617144,0.0
250,1.0821021297227815,0.3893480791445705,1.1223185730165646,-0.848988563184322,0.8792774929307946,1.02522569785652,0.0
251,1.0821021297227815,0.3893480791445705,1.1223185730165646,-0.6717558895304183,0.6807928863111712,0.5445525329700993,0.0
252,-0.092125056746719,-0.0089882516497262,-0.0513371994566008,0.5149866177127682,-1.1902302538140412,-1.03569673552381,0.0
253,0.0186165631522149,0.799145487790966,0.1505556733698612,0.5648858695921274,-1.1798827150803144,-1.0332614794411523,0.0
254,0.4838934310133578,0.5712470647367055,0.3403065319235566,-0.2636535186668952,-0.3116301467869189,-0.1593524394932477,0.0
255,1.1485587588358606,1.622901333348526,0.8069259260163943,-0.807561593771371,1.0288464619000792,0.9467176803346606,1.0
256,0.6611985763602468,-0.5641205225177462,1.2540504999244353,2.193869062342893,-1.1695351763465942,-1.377908197424854,0.0
257,-0.4023817728377497,-0.1844814437289841,-0.1934478701821887,-0.8314210363054465,-1.5655637042464003,1.0646536534804965,1.0
258,-1.0893023676658649,-1.3246579386490882,-1.2845200896971842,-0.017645846168032,-0.7462267736033302,-0.5545597123359308,0.0
259,1.1264077682840703,1.3772820399210406,0.8793571225027959,1.8667517444670936,-1.118738168017401,-1.304734550369768,0.0
260,-0.9120395554464978,-0.3096864192135675,-1.2073347589458945,1.798225930400558,-1.1582469522734402,-1.3272316779905076,0.0
261,1.4586996294933658,1.811388613693221,1.3063077141881971,-0.8754021496972413,0.9375999839754194,0.8949974797220324,0.0
262,-0.3358840038103021,-0.3340959600211806,-0.3026749817704149,-0.7779709013335486,0.9187862771868271,0.8990562398597947,0.0
263,0.1072469057458272,-0.1636215520332057,0.2704484986509483,-0.8243815663149752,0.9620578028005888,0.8946495859959388,0.0
264,0.8826617909286743,0.4397549215450411,1.088762228949701,-0.8330407373652011,0.9686426001765932,0.8109231625826707,0.0
265,-1.6910579702914044,-1.0066404034393193,-1.8053162076630829,0.6864880414629252,-1.2363238354460846,-1.0977377833438908,0.0
266,-0.7126697718649271,-0.7937435822870115,-0.6932888101542208,-0.8026401943975014,1.0241430352029297,0.9606334293784172,0.0
267,-0.0256899832886468,0.1827840510092661,0.0777450389374365,-0.6311387706473444,0.702428649118052,0.5484953285324968,0.0
268,0.3731106452606386,0.7152131676607102,0.4030604665092607,-0.8987009264798634,0.9310151865994152,1.2854502049747654,0.0
269,0.6833590347990133,-0.4881270063137091,1.3049238816791686,-0.8258766749855178,0.9122014798108228,0.91494338668475,0.0
270,1.48085173544006,1.9028673600843684,1.4217301865253702,-0.847057381151538,0.9507695787274348,0.8457125351920619,0.0
271,-1.488229347112307,-1.0701234596630809,-1.5238019487007703,-0.3103756646213513,-0.3012826080531921,-0.145784584175585,0.0
272,-0.2472421959946527,-0.7033507182719758,-0.3504267689944133,-0.8444409409780883,1.0617704487801074,1.08749867482733,0.0
273,0.8826617909286743,0.4397549215450411,1.088762228949701,0.5927945647755893,-1.1770606590620258,-1.057034217390903,0.0
274,1.0821021297227815,0.3893480791445705,1.1223185730165646,1.5957010017366422,-1.1253229653934054,-1.2777148043098077,0.0
275,1.215039096575505,1.855015535039465,0.8186598053556244,-0.8580838075967895,0.9564136907640116,1.2403399851579218,0.0
276,0.550422820189365,0.3004608503569217,0.2760061485662405,-0.8711660084640372,0.8463535060507597,1.0908616475129045,0.0
277,1.702326441169941,1.5502567148926731,1.2546116854580498,0.4059682771523705,-1.0557122502756264,-0.915209541719952,0.0
278,1.2593510643543888,1.8023274271429544,0.904215090798621,1.1971299486478282,-1.0895769224950886,-1.178797021523772,0.0
279,1.7244760828720798,1.4446706226740216,1.1976003369293984,2.165773478575613,-1.1384925601454206,-1.3591219362157827,0.0
280,-1.6878509505480344,-1.1016322986943663,-1.812767858754328,0.1285633225721127,-0.955999604296101,-0.7279267525060631,0.0
281,0.506063590793848,0.4364607741687596,0.3050985167975298,1.8699911465866028,-1.1488400988791474,-1.33604498571822,0.0
282,-1.111451620276758,-1.402987470721068,-1.3074649254920476,-0.9116585349578992,1.1548982973836284,1.1829375203524262,0.0
283,-0.1142838810022539,0.0848995111052411,-0.1988078297390489,1.5646152006282776,-1.1375518748059934,-1.2794542729402771,0.0
284,0.3509561010088054,0.5200098416956792,0.4147114434401167,-0.8253783054286702,1.021320979184641,1.0217467605955806,0.0
285,-0.2915509732253226,-0.4500024973439124,-0.3433449901866872,-0.7782823823065783,0.914082850489684,0.9351212227981968,0.0
286,1.370081582183115,1.03501008995739,0.8677507853302961,-0.737104597672051,0.8369466526564668,0.6535592338128583,0.0
287,-0.3580368879394874,-0.2754035613391002,-0.2765734773489643,1.7391691379141254,-1.1460180428608588,-1.3200418743179,0.0
288,-0.5575416861832837,-0.3811447796114829,-0.0826201044014908,-0.8672413482038629,1.0975164916784308,1.1401465920428753,0.0
289,0.2844796801210335,-0.1258894207287289,0.58757253056449,-0.7932334690120044,0.8341245966381783,0.8860682074189555,0.0
290,-1.0449748881159897,-1.1136591303894838,-1.2589829593635171,-0.7889973277788003,1.108804715751585,1.0550285937252315,0.0
291,-0.5131737152044488,-0.5787023715684275,-0.0024502869487008,-0.4786376862519995,0.0533557649117202,0.1226734077935498,0.0
292,1.3922263472749752,1.34273455524903,0.908315571459015,-0.9069863203624536,0.925371074562838,1.079845012853264,0.0
293,0.1958494672245031,-0.2290573715215803,0.4496994483285333,-0.7703084693970178,1.0109734404509207,0.7815841250154175,0.0
294,-0.1364503314462027,-0.2045748302180934,-0.3293281060629767,1.0692981573164364,-1.1488400988791474,-1.1812322776064297,0.0
295,-1.5325772150434522,-0.1119280758929726,-1.5286676823615506,0.0382961365881034,-0.8186595447393977,-0.5983943218237636,0.0
296,0.4395948739127391,0.712959277350625,0.402339853267232,1.1689720686859428,-1.1140347413202512,-1.190973301937059,0.0
297,1.5030086401787832,1.9410648695500423,1.493966881207508,-0.776600385052218,0.9451254666908576,0.8249548762017916,0.0
298,-1.576916289512447,-0.7353431855884227,-1.6009330740312004,0.6863634490737134,-1.2184508139969263,-1.1161761508268682,0.0
299,1.104256336762202,0.9633144779478888,0.9865945762900216,-0.8519787805254073,0.8849216049673716,1.0364742616668898,0.0
300,1.3922263472749752,1.34273455524903,0.908315571459015,0.9291317194530678,-1.0914582931739498,-1.114320717621034,0.0
301,0.8826617909286743,0.4397549215450411,1.088762228949701,2.0941328547787808,-1.1667131203283057,-1.3630647317781803,0.0
302,0.7498115395448887,0.5392089721103396,1.2709753454496069,1.4587739659927828,-1.1159161119991123,-1.2447808649062506,0.0
303,0.7498115395448887,0.5392089721103396,1.2709753454496069,-0.7596558201194019,0.8811588636096491,0.8003703862244886,0.0
304,-0.5575416861832837,-0.3811447796114829,-0.0826201044014908,-0.873595560053669,1.0975164916784308,1.1401465920428753,0.0
305,1.1928857974156577,1.8300858656987555,0.7839460161256788,0.3872171225759822,-1.0726445863853575,-0.9157893645967752,0.0
306,1.0821021297227815,0.3893480791445705,1.1223185730165646,-0.90673713558403,0.8567010447844865,1.0455194985453315,0.0
307,0.3509561010088054,0.5200098416956792,0.4147114434401167,-0.8482410088490508,1.09093169430242,1.1747040355015372,0.0
308,-0.7569715195137597,-0.4494914938727996,-0.8000894320203944,0.5959716707004923,-1.2287983527306463,-1.091011837972742,0.0
309,0.2180139462728074,-0.0731100622123772,0.4631965981228164,-0.8307980743593871,1.1266777372007433,1.0375179428451715,0.0
310,-1.3995845043849418,-1.4480926521087445,-1.4799370090078934,0.991614802642827,-1.162009693631156,-1.168940032617778,0.0
311,-0.7569715195137597,-0.4494914938727996,-0.8000894320203944,-0.4101118721854638,-0.2476635437057103,-0.0741184766002393,0.0
312,-1.621238140208969,-1.7322470822953142,-1.6206255845744304,-0.8091812948311254,1.0730586728532616,0.9108846265469877,0.0
313,0.3952650857548063,0.8061991607047161,0.4259861709791154,-0.8613232097162985,0.9413627253331353,1.2949593001546658,0.0
314,-1.3995845043849418,-1.4480926521087445,-1.4799370090078934,-0.7643280347148474,0.9375999839754194,0.827738026010543,0.0
315,0.6390413603485271,-0.4113669849030029,1.212219857790913,-0.830984962943205,0.8679892688576405,0.9609813231045112,0.0
316,0.3066405017116291,-0.0278315046470051,0.5467112088981197,1.916650996346453,-1.1535435255762905,-1.344626364295203,0.0
317,0.3509561010088054,0.5200098416956792,0.4147114434401167,-0.2388596332137305,-0.41510553412416,-0.2440065795094326,0.0
318,-0.3137267099803332,-0.3930347353768335,-0.3279889133123023,1.3247748513954023,-1.1328484481088434,-1.2494194479208365,0.0
319,0.1736897610288115,-0.4508055027985168,0.4385267545229177,-0.8796382909304453,0.8689299541970678,1.0469110734497071,0.0
320,0.6169030022925112,-0.0737670666752374,1.060103504085298,0.5648858695921274,-1.1855268271168913,-1.0584257922952789,0.0
321,-1.643423941457533,-2.110581277220343,-1.7301492317003069,-0.9072978013354832,0.9046759970953911,0.9263079150704848,0.0
322,1.1264077682840703,1.3772820399210406,0.8793571225027959,-0.3571601067704135,-0.3097487761080577,-0.1496114151626182,0.0
323,-0.3358840038103021,-0.3340959600211806,-0.3026749817704149,-0.4164037878406639,-0.2006292767342395,-0.0816561739989408,0.0
324,1.370081582183115,1.03501008995739,0.8677507853302961,1.2967415638227289,-1.0745259570642187,-1.191901018539976,0.0
325,0.4617499888317325,0.6581085297638741,0.3680628959583385,1.807632655786056,-1.1337891334482708,-1.3075177001785192,0.0
326,-1.2665883437840535,-1.1311427491511234,-1.018186537130003,2.165835774770219,-1.17329791770431,-1.3755889059175612,0.0
327,-0.7348264172094865,-0.6722616320919617,-0.735916590829811,2.193869062342893,-1.1714165470254487,-1.3786039848770415,0.0
328,-1.5325772150434522,-0.1119280758929726,-1.5286676823615506,1.063193130245054,-1.1723572323648828,-1.1746222968106452,0.0
329,-1.3774440971150324,-1.0970697677022905,-1.450605499213985,-0.578187005232294,0.3148662892731115,0.2982437748956103,0.0
330,-0.1807757099033518,-1.1448120920033846,-0.2890279699302232,0.3903942285008851,-1.1695351763465942,-0.9988200005578554,0.0
331,-0.66838465138199,-0.650197232214275,-0.604216549463623,-0.3290645230031338,-0.2683586211731639,-0.1220118462258344,0.0
332,-0.1364503314462027,-0.2045748302180934,-0.3293281060629767,1.2717607897857464,-1.1347298187877048,-1.222863560162334,0.0
333,-1.1336169553258026,-1.4682864142796788,-1.3066964839374955,-0.5347665575919528,0.198221307183855,0.221591190579585,0.0
334,1.5916260908824578,2.1258291246052003,1.3955107055996936,1.639432930350013,-1.0726445863853575,-1.2489555896193774,0.0
335,0.8383963325233486,0.7227230936736703,1.1522112683440875,0.938538444838565,-1.1309670774299825,-1.132179262227188,0.0
336,1.48085173544006,1.9028673600843684,1.4217301865253702,-0.8745300029727582,0.9535916347457232,0.8513947993849291,0.0
337,-0.2472421959946527,-0.7033507182719758,-0.3504267689944133,-0.8012696781161708,1.0617704487801074,1.0881944622795177,0.0
338,0.971306244564794,-0.2676746338385222,0.9792226390529838,-0.0146556288269469,-0.6766160584855513,-0.5026075825725733,0.0
339,0.2844796801210335,-0.1258894207287289,0.58757253056449,1.8512399920102145,-1.1488400988791474,-1.3334937650601977,0.0
340,-1.510407392475375,-0.6274484526877799,-1.4610767111025806,-0.1609270937616976,-0.4922417319573772,-0.329820365279264,0.0
341,-1.3109110504813164,-0.8175964943135895,-1.2505364793717717,0.141147153882513,-0.902380539948626,-0.7115757473796492,0.0
342,-0.4023817728377497,-0.1844814437289841,-0.1934478701821887,-0.7988401265265391,-0.6841415412009829,0.7619861117787938,1.0
343,-0.889897877145186,-0.2806413469180043,-1.1624749903525164,-0.8929073803815109,1.0504822247069534,0.8951134442973971,0.0
344,0.4617499888317325,0.6581085297638741,0.3680628959583385,-0.8834383588014076,1.0128548111297755,1.2368610478969824,0.0
345,-1.5547382960282117,-0.2515506493125189,-1.6076226606762296,1.4743480146442682,-1.141314616163709,-1.2597402951282888,0.0
346,0.3731106452606386,0.7152131676607102,0.4030604665092607,-0.8211421641954662,1.1934663963002337,1.1396827337414168,0.0
347,1.2593510643543888,1.8023274271429544,0.904215090798621,-0.784075928404931,0.8595231008027749,0.8416537750542996,0.0
348,-0.1586076771550043,-0.7605739819746078,-0.3433131046450035,0.0477028619736007,-0.7697439070890657,-0.5792601668885984,0.0
349,0.2844796801210335,-0.1258894207287289,0.58757253056449,-0.9019403285993725,0.8614044714816296,1.102805998775462,0.0
350,0.6390413603485271,-0.4113669849030029,1.212219857790913,-0.7604033744546732,0.8369466526564668,0.9300187814821532,0.0
351,-0.2250774056733518,-0.9649114949857818,-0.3193670628413027,1.424511058959515,-1.1403739308242815,-1.2736560441720453,0.0
352,-0.8234407551831961,0.0448952393667084,-0.9895820176864596,-0.1579368764206123,-0.5138774947642514,-0.347446980734689,0.0
353,1.1707114613891312,1.759804638296797,0.7718932813696213,-0.8432573132805754,0.897150514379953,1.1835173432292496,0.0
354,0.3288024386971289,0.2077958459078333,0.4809759761650848,-0.9042452877997922,0.7419374333740912,1.2299031733751045,0.0
355,-1.576916289512447,-0.7353431855884227,-1.6009330740312004,-0.3259497132728367,-0.2664772504943026,-0.1290856853230773,0.0
356,0.4617499888317325,0.6581085297638741,0.3680628959583385,-0.8190240935788643,1.0899910089629925,0.9767525053541016,0.0
357,-0.092125056746719,-0.0089882516497262,-0.0513371994566008,-0.9038092144375506,1.1182115691458778,0.8578888156053489,0.0
358,1.1264077682840703,1.3772820399210406,0.8793571225027959,0.3717053701191026,-1.0651191036699192,-0.90465676536177,0.0
359,1.0599350307934237,-0.1384363809569396,1.250087127093276,-0.8157846914593553,0.8002599244187162,1.007251188675001,0.0
360,-1.2000982268844365,-1.3893911283646805,-1.1279684571435074,-0.7657608471907842,1.014736181808637,0.9058981498063085,0.0
361,1.702326441169941,1.5502567148926731,1.2546116854580498,-0.8132305474805117,1.0128548111297755,0.8832850576102041,0.0
362,-0.3802112499054302,-0.2122581324087492,-0.2466297651547488,0.9105674534604972,-1.1629503789705833,-1.172071076152623,0.0
363,-0.0035336751565001,0.505318491901189,0.1102682914537803,0.5648235733975215,-1.189289568474614,-1.0563384299387153,0.0
364,1.1928857974156577,1.8300858656987555,0.7839460161256788,2.01632490771596,-1.1234415947145506,-1.3237527407295684,0.0
365,-0.4910127898561875,-0.5473577836528569,0.0012866985365117,-0.3727341554218989,-0.2580110824394371,-0.1185329089648954,0.0
366,-1.0671454369877251,-1.215604322876456,-1.2690141507768906,0.4121978966129647,-1.152602840236863,-0.9719162190732596,0.0
367,-1.643423941457533,-2.110581277220343,-1.7301492317003069,1.7017291249559547,-1.178942029740887,-1.337088666896502,0.0
368,0.8162446934861491,0.8427541590132394,1.184603790139534,-0.6156893143850709,0.2593658542467684,0.283864167550395,0.0
369,-1.0671454369877251,-1.215604322876456,-1.2690141507768906,-0.7990893113049629,1.1238556811824547,1.087150781101236,0.0
370,-1.0893023676658649,-1.3246579386490882,-1.2845200896971842,-0.4319155402975433,-0.1112641694884409,0.0034618243187027,0.0
371,1.5030086401787832,1.9410648695500423,1.493966881207508,2.053889513063342,-1.1206195386962623,-1.3221292366744637,0.0
372,-1.1557713958199705,-1.47496595965208,-1.2664569303339404,-0.8118600311991809,1.0184989231663524,1.0569999915064303,0.0
373,0.8162446934861491,0.8427541590132394,1.184603790139534,-0.8602018782133916,0.9385406693148468,0.7762497545486443,0.0
374,-0.5797086035367272,-0.4225999362054964,-0.1733854873554377,-0.8585821771536372,1.32516234382036,1.1349281861514666,0.0
375,-1.1557713958199705,-1.47496595965208,-1.2664569303339404,-0.8734709676644571,1.1661865214567826,1.277680578425335,0.0
376,1.6137557332945722,2.0121034770966832,1.3818381853261557,1.4369702978807033,-1.049127452899622,-1.2003664325415944,0.0
377,1.325798484974655,1.1225650596953507,0.7910915660167701,-0.9046190649674278,0.8999725703982415,1.164499152869449,0.0
378,-1.488229347112307,-1.0701234596630809,-1.5238019487007703,1.6145144525076365,-1.1478994135397134,-1.2982405341493484,0.0
379,-0.468869607068726,-0.4101716017830785,-0.0189478662153237,-0.7779086051389427,1.1172708838064505,0.8873438177479664,0.0
380,-0.0700146613815539,-0.0807659892170848,0.0143757133972559,-0.8153486180971137,1.102219918375574,0.8139382415421512,0.0
381,1.6801784855298667,1.644664606180734,1.2876068439912989,-0.4754605803270965,-0.110323484149007,0.0172616087870945,0.0
382,1.104256336762202,0.9633144779478888,0.9865945762900216,-0.7906170288385548,0.8924470876828032,0.765465049039733,0.0
383,0.3952650857548063,0.8061991607047161,0.4259861709791154,-0.832978441170595,1.0514229100463874,1.111155448201716,0.0
384,1.104256336762202,0.9633144779478888,0.9865945762900216,0.4278342414590559,-1.1018058319076698,-0.9287773970376146,0.0
385,1.1264077682840703,1.3772820399210406,0.8793571225027959,-0.8728480057183977,0.8896250316645147,1.110459660749528,0.0
386,-0.8455981787102469,-0.0844981395686021,-1.0567234028077035,0.8732520328915381,-1.205281219244911,-1.161518299794441,0.0
387,0.4174259332848184,0.7659211371066594,0.4305171064522253,1.991406429873583,-1.135670504127132,-1.3410314624588993,0.0
388,-0.7126697718649271,-0.7937435822870115,-0.6932888101542208,1.4929745768314449,-1.1347298187877048,-1.260088188854383,0.0
389,0.7055274306991901,-0.2002860510855411,1.32754348494887,0.0789755516657832,-0.8515835316194327,-0.6607832633699383,0.0
390,0.5725840308712062,0.219412049813663,0.4228295023525284,-0.8540345549474033,0.8294211699410285,1.0232543000753211,0.0
391,-1.4439159007866895,-1.69502595446195,-1.599393002367927,-0.8022664172298658,0.9357186132965584,1.0096864447576586,0.0
392,-1.621238140208969,-1.7322470822953142,-1.6206255845744304,-0.3820785846127901,-0.1526543244233347,-0.0431559349778812,0.0
393,-0.2472421959946527,-0.7033507182719758,-0.3504267689944133,0.1568457949232101,-0.9306011001315044,-0.74010303291935,0.0
394,1.4143785829187512,1.6011471855783015,0.9970530339619448,-0.7994630884725985,0.9310151865994152,0.994842979110985,0.0
395,-0.0035336751565001,0.505318491901189,0.1102682914537803,-0.8685495682905877,1.0335498885972223,0.8352757234092446,0.0
396,-0.6240407262421335,-0.5021978518932744,-0.4039466507088084,0.9635815150701532,-1.1714165470254487,-1.178797021523772,0.0
397,0.3731106452606386,0.7152131676607102,0.4030604665092607,2.078621102321901,-1.1441366721819977,-1.3506565222141642,0.0
398,0.4174259332848184,0.7659211371066594,0.4305171064522253,-0.8137912132319651,0.9366592986359922,0.8976646649554194,0.0
399,0.5282390162758621,0.3435037677361796,0.2611538632504434,-0.8847465788881325,1.0109734404509207,1.1871122450655534,0.0
400,-0.2472421959946527,-0.7033507182719758,-0.3504267689944133,2.137927079586757,-1.1723572323648828,-1.3784880203016772,0.0
401,0.0850891190669472,0.2206348081195389,0.2584276494365735,0.5523020382817273,-1.193992995171757,-1.0419588225935004,0.0
402,-0.4245583655935006,-0.2152420276775682,-0.1312391783592572,-0.3259497132728367,-0.3059860347503418,-0.1610919081237171,0.0
403,0.3066405017116291,-0.0278315046470051,0.5467112088981197,0.069631122474892,-0.8365325661885628,-0.6531296013958723,0.0
404,-1.2444144227881893,-1.2288812880634008,-1.0208043401021512,-0.8294898542726623,1.1821781722270797,1.316296782021759,0.0
405,0.0186165631522149,0.799145487790966,0.1505556733698612,-0.7557934560538335,0.9413627253331353,0.7661608364919209,0.0
406,-0.1807757099033518,-1.1448120920033846,-0.2890279699302232,-0.0675450980473911,-0.6737940024672628,-0.4973891766811646,0.0
407,-1.0671454369877251,-1.215604322876456,-1.2690141507768906,0.3717676663137085,-1.1112126853019626,-0.9205439121867252,0.0
408,0.7498115395448887,0.5392089721103396,1.2709753454496069,-0.8363424356793159,0.8839809196279377,0.8011821382520412,0.0
409,-0.4023817728377497,-0.1844814437289841,-0.1934478701821887,-0.7709314313430773,-0.0858656653238443,0.5978962376378325,1.0
410,1.0377700848356246,-0.4644839707127652,1.2354739833400992,1.5585101735568951,-1.1328484481088434,-1.2876877577911665,0.0
411,-0.5575416861832837,-0.3811447796114829,-0.0826201044014908,1.4960893865617415,-1.135670504127132,-1.274351831624233,0.0
412,0.0850891190669472,0.2206348081195389,0.2584276494365735,-0.3415860581189281,-0.2777654745674567,-0.1156337945807794,0.0
413,-0.3802112499054302,-0.2122581324087492,-0.2466297651547488,-0.8188372049950463,0.9385406693148468,0.9501966175956,0.0
414,-1.5990624034539584,-1.2162978275872516,-1.5886698947000373,1.9821242968772976,-1.182704771098603,-1.3665436690391195,0.0
415,-1.5547382960282117,-0.2515506493125189,-1.6076226606762296,0.7455448339493579,-1.2278576673912192,-1.1087544180035314,0.0
416,0.8383963325233486,0.7227230936736703,1.1522112683440875,-0.8932811575491465,0.8849216049673716,0.7899335744416713,0.0
417,0.8162446934861491,0.8427541590132394,1.184603790139534,1.2033595681084224,-1.09710240521052,-1.1637216267263693,0.0
418,1.5694881997359365,2.053987511603952,1.427686405711697,-0.2295775002174451,-0.426393758197314,-0.2558349661966256,0.0
419,0.550422820189365,0.3004608503569217,0.2760061485662405,-0.8047582650141035,1.1652458361173486,1.1074445817900476,0.0
420,0.6169030022925112,-0.0737670666752374,1.060103504085298,1.237747067530902,-1.1375518748059934,-1.2315609033146822,0.0
421,-1.111451620276758,-1.402987470721068,-1.3074649254920476,1.2873971346318376,-1.139433245484848,-1.2426935025496872,0.0
422,0.1515320262287643,-0.5695955597082392,0.3808745066064436,-0.9021895133777962,1.1567796680624831,1.011193984237399,0.0
423,-0.5353405547396431,-0.4897512673468887,-0.0342146635729959,-0.8555919598125518,1.1727713188327868,1.1576572429229353,0.0
424,1.370081582183115,1.03501008995739,0.8677507853302961,-0.8698577883773125,0.9611171174611548,1.0923691869926448,0.0
425,-0.3580368879394874,-0.2754035613391002,-0.2765734773489643,0.3592461311979144,-1.151662154897436,-0.9708725378949778,0.0
426,1.370081582183115,1.03501008995739,0.8677507853302961,-0.3354187348529399,-0.3266811122177888,-0.164338916233927,0.0
427,0.594732090268946,0.1809042882405301,0.7245241206458167,1.720417983337737,-1.1319077627694163,-1.2968489592449726,0.0
428,-1.0893023676658649,-1.3246579386490882,-1.2845200896971842,-0.8529755196391023,1.1389066466133246,1.1555698805663723,0.0
429,-1.6942457170484089,-0.9251627249828022,-1.799889288468688,0.3530165117373202,-1.1215602240356894,-0.8946838118804112,0.0
430,1.1928857974156577,1.8300858656987555,0.7839460161256788,0.6988226879949017,-1.1667131203283057,-1.0755885494492452,0.0
431,-0.6462140506314213,-0.5473486585908699,-0.5064714214353353,-0.8617592830785401,1.2414413486111384,1.1240275160671906,0.0
432,-1.35525699889565,-0.8457199353487556,-1.4173935189972937,-0.2885719965092718,-0.3840629179229863,-0.2080575611463952,0.0
433,-1.1779389875982396,-1.4414039816743596,-1.1989584271458502,-0.5502160138542265,0.2810016170536493,0.2782978679328927,0.0
434,1.1264077682840703,1.3772820399210406,0.8793571225027959,0.7298461929086607,-1.1667131203283057,-1.0867211486842503,0.0
435,-0.8234407551831961,0.0448952393667084,-0.9895820176864596,1.1223745151206983,-1.1554248962551517,-1.1937564517458104,0.0
436,-0.7569715195137597,-0.4494914938727996,-0.8000894320203944,-0.7962859825476954,1.0307278325789335,0.8445528894384153,0.0
437,-0.202932536823826,-1.149429373367367,-0.2766021743364788,1.960320628765218,-1.1714165470254487,-1.3607454402708876,0.0
438,-1.5990624034539584,-1.2162978275872516,-1.5886698947000373,-0.0083637131717466,-0.696370450613571,-0.5247568164672191,0.0
439,1.2593510643543888,1.8023274271429544,0.904215090798621,0.0634015030142978,-0.733997864190749,-0.5585025078983286,0.0
440,1.0821021297227815,0.3893480791445705,1.1223185730165646,0.7704010155971286,-1.150721469558002,-1.0984335707960788,0.0
441,0.1736897610288115,-0.4508055027985168,0.4385267545229177,-0.8441917561996646,1.0664738754772571,1.0164123901288074,0.0
442,1.1485587588358606,1.622901333348526,0.8069259260163943,-0.8520410767200132,0.9423034106725692,1.1356239736036546,0.0
443,0.2844796801210335,-0.1258894207287289,0.58757253056449,0.7361381085638607,-1.2033998485660564,-1.126496998034321,0.0
444,1.325798484974655,1.1225650596953507,0.7910915660167701,-0.8457491610648131,0.9009132557376688,1.1621798613621563,0.0
445,-0.5131737152044488,-0.5787023715684275,-0.0024502869487008,-0.7850103713240202,1.1059826597332965,0.8617156465923816,0.0
446,1.4365475494860882,1.7106844296360917,1.144648017856953,-0.6998514732976979,0.5801395549922186,0.5010658172083604,0.0
447,-1.5990624034539584,-1.2162978275872516,-1.5886698947000373,-0.2824046732432836,-0.3342065949332203,-0.1875318313068545,0.0
448,-1.111451620276758,-1.402987470721068,-1.3074649254920476,-0.7729249095704674,0.9959224750200444,0.8261145219554382,0.0
449,-0.5797086035367272,-0.4225999362054964,-0.1733854873554377,-0.3073854472802662,-0.3050453494109079,-0.1615557664251758,0.0
450,-0.3137267099803332,-0.3930347353768335,-0.3279889133123023,1.7110735541468458,-1.150721469558002,-1.3238687053049332,0.0
451,-1.4217471676741,-1.7091059251034992,-1.5503785476932943,-0.8987009264798634,0.848234876729621,1.2173789992357236,0.0
452,-0.3137267099803332,-0.3930347353768335,-0.3279889133123023,-0.7818332653991171,1.0373126299549449,1.0538689479715853,0.0
453,1.2372053395041227,1.8590305623124928,0.8659651949960651,-0.730812682016851,0.9187862771868271,0.7190792188938779,0.0
454,1.370081582183115,1.03501008995739,0.8677507853302961,0.0166170608652358,-0.701073877310714,-0.5405279987168097,0.0
455,1.0156104305187657,-0.6114887192774917,1.0885135217245752,-0.0457414299353116,-0.6380479595689394,-0.4668904933602651,0.0
456,0.8383963325233486,0.7227230936736703,1.1522112683440875,1.181493603801737,-1.0952210345316655,-1.1749701905367391,0.0
457,-0.8677532158109912,-0.1992549190813318,-1.1119491610021226,-0.2543713856706099,-0.4235717021790255,-0.2670835300069956,0.0
458,-0.6018677390652586,-0.4815752118090846,-0.2850103916782044,-0.8768972583677839,1.2263903831802687,1.1242594452179198,0.0
459,-0.0256899832886468,0.1827840510092661,0.0777450389374365,-0.2357448234834334,-0.3360879656120816,-0.1922863788968045,0.0
460,1.370081582183115,1.03501008995739,0.8677507853302961,-0.8987632226744694,0.9554730054245778,1.0946884784999376,0.0
461,0.506063590793848,0.4364607741687596,0.3050985167975298,1.7172408774128345,-1.1384925601454206,-1.3122722477684692,0.0
462,0.0407827801414164,0.8362023645086148,0.2091166592242927,-0.8849334674719503,0.8077854071341544,0.8685575565388953,0.0
463,0.1072469057458272,-0.1636215520332057,0.2704484986509483,-0.4879821154428908,0.0213724633711192,0.1151357103948483,0.0
464,0.4838934310133578,0.5712470647367055,0.3403065319235566,0.8358743161279731,-1.17800134440146,-1.1306717227474476,0.0
465,0.3952650857548063,0.8061991607047161,0.4259861709791154,-0.8129190665074819,0.9150235358291112,0.9406875224156996,0.0
466,1.0599350307934237,-0.1384363809569396,1.250087127093276,-0.9039961030213683,0.7485222307500956,1.0160644964027137,0.0
467,1.4586996294933658,1.811388613693221,1.3063077141881971,1.2626032491786727,-1.069822530367069,-1.1768256237425732,0.0
468,1.0156104305187657,-0.6114887192774917,1.0885135217245752,-0.2698831381274894,-0.3370286509515088,-0.1623675184527282,0.0
469,-1.510407392475375,-0.6274484526877799,-1.4610767111025806,-0.0798797445793677,-0.6126494554043495,-0.4401026764510339,0.0
470,-0.4467188759110997,-0.2889999036954911,-0.0726176099756298,-0.0302296774784322,-0.696370450613571,-0.5232492769874788,0.0
471,-0.202932536823826,-1.149429373367367,-0.2766021743364788,-0.3477533813849163,-0.2909350693194653,-0.1572650771366841,0.0
472,1.3922263472749752,1.34273455524903,0.908315571459015,-0.4630636376005141,-0.0557637344620979,0.0504274773413808,0.0
473,1.28150047260178,1.628768748204339,0.8747528502838151,-0.911845423541717,0.8933877730222372,1.214943743153066,0.0
474,-0.889897877145186,-0.2806413469180043,-1.1624749903525164,-0.9031862524914912,1.0401346859732332,0.8973167712293254,0.0
475,1.547324550748956,1.9967094975294133,1.477730763382681,-0.7773479393874893,1.021320979184641,0.7517812291467056,0.0
476,1.5030086401787832,1.9410648695500423,1.493966881207508,-0.6374929824971505,0.5697920162584985,0.4541001641856823,0.0
477,0.9934367429776486,-0.5026997303024033,0.9981754050291748,0.7951949010502934,-1.1497807842185743,-1.0959983147134214,0.0
478,1.104256336762202,0.9633144779478888,0.9865945762900216,-0.3415237619243221,-0.3031639787320533,-0.1367393472971434,0.0
479,1.5030086401787832,1.9410648695500423,1.493966881207508,-0.8964582634740494,0.946066152030285,0.8280859197366369,0.0
480,-0.1142838810022539,0.0848995111052411,-0.1988078297390489,0.8421662317831732,-1.1836454564380368,-1.1434278260375577,0.0
481,-1.5325772150434522,-0.1119280758929726,-1.5286676823615506,0.5461970112103449,-1.2353831501066574,-1.0556426424865275,0.0
482,-0.5353405547396431,-0.4897512673468887,-0.0342146635729959,-0.8055681155439808,1.2395599779322772,1.123563657765732,0.0
483,-1.1779389875982396,-1.4414039816743596,-1.1989584271458502,-0.8269980064884246,1.0956351209995696,1.190127324025034,0.0
484,-1.2222554947749888,-1.3261179485665526,-1.0555085636695924,-0.8126075855344521,0.983693565607463,1.023370264650686,0.0
485,0.4395948739127391,0.712959277350625,0.402339853267232,-0.5254221284010616,0.0815763250946053,0.1485335080998638,0.0
486,-1.621238140208969,-1.7322470822953142,-1.6206255845744304,1.5491657443660038,-1.1582469522734402,-1.2994001799029946,0.0
487,0.3509561010088054,0.5200098416956792,0.4147114434401167,0.4434082901105413,-1.124382280053978,-0.9566088951251274,0.0
488,0.4617499888317325,0.6581085297638741,0.3680628959583385,0.6177753388125719,-1.1930523098323296,-1.0638761273374169,0.0
489,-1.288743303066549,-0.9830612432722652,-1.11016994777623,-0.9134028284068656,0.9112607944713956,1.3473752882194818,0.0
490,-0.0035336751565001,0.505318491901189,0.1102682914537803,1.5242472665236273,-1.1384925601454206,-1.275975335679338,0.0
491,-1.3995845043849418,-1.4480926521087445,-1.4799370090078934,1.228278045950799,-1.141314616163709,-1.2278500369030136,0.0
492,1.702326441169941,1.5502567148926731,1.2546116854580498,-0.804322191651862,0.9968631603594784,0.8589324967836303,0.0
493,0.3952650857548063,0.8061991607047161,0.4259861709791154,-0.3478156775795222,-0.2928164399983265,-0.1353477723927677,0.0
494,0.8383963325233486,0.7227230936736703,1.1522112683440875,1.5615626870925865,-1.1253229653934054,-1.2698292131850122,0.0
495,0.6611985763602468,-0.5641205225177462,1.2540504999244353,-0.7791545290310615,0.891506402343376,0.909840945368706,0.0
496,-1.3109110504813164,-0.8175964943135895,-1.2505364793717717,-0.8456245686756012,1.0787027848898385,1.1784149019132055,0.0
497,-1.2222554947749888,-1.3261179485665526,-1.0555085636695924,-0.7618361869306098,1.023202349863502,0.8593963550850889,0.0
498,0.4395948739127391,0.712959277350625,0.402339853267232,0.3279111453111257,-1.070763215706496,-0.8910889100441074,0.0
499,1.4586996294933658,1.811388613693221,1.3063077141881971,-0.8216405337523137,0.9488882080485735,0.8968529129278667,0.0
500,1.104256336762202,0.9633144779478888,0.9865945762900216,0.7268559755675754,-1.1714165470254487,-1.0781397701072672,0.0
501,-1.576916289512447,-0.7353431855884227,-1.6009330740312004,-0.1297789964587268,-0.5298691455345552,-0.3613627297784453,0.0
502,1.347947945100879,0.9577025648276324,0.8085361458713705,-0.7948531700717589,0.8933877730222372,0.8079080836231902,1.0
503,1.547324550748956,1.9967094975294133,1.477730763382681,-0.8057550041277985,0.9978038456989056,0.7479543981596729,0.0
504,-0.66838465138199,-0.650197232214275,-0.604216549463623,-0.8150994333186898,1.213220788428253,0.9534436257058096,0.0
505,-0.66838465138199,-0.650197232214275,-0.604216549463623,-0.8091812948311254,1.2028732496945265,0.9381363017576776,0.0
506,-1.5547382960282117,-0.2515506493125189,-1.6076226606762296,-0.879887475708869,0.951710264066862,1.0202392211158406,0.0
507,1.3922263472749752,1.34273455524903,0.908315571459015,-0.8616969868839341,0.924430389223404,1.0803088711547226,0.0
508,1.28150047260178,1.628768748204339,0.8747528502838151,-0.9138389017691072,0.8849216049673716,1.2159874243313478,0.0
509,-1.288743303066549,-0.9830612432722652,-1.11016994777623,1.950789310990509,-1.1629503789705833,-1.3501926639127058,0.0
510,-0.2915509732253226,-0.4500024973439124,-0.3433449901866872,-0.881071103406382,1.088109638284131,1.1902432886003986,0.0
511,0.3509561010088054,0.5200098416956792,0.4147114434401167,-0.8862416875586752,0.8322432259593171,1.2765209326716886,0.0
512,-1.0006545159662004,-0.6188982696086267,-1.248913505300124,-0.8598281010457559,1.1172708838064505,0.960053606501594,0.0
513,-1.3774440971150324,-1.0970697677022905,-1.450605499213985,1.5491657443660038,-1.1460180428608588,-1.2823533873243929,0.0
514,1.1485587588358606,1.622901333348526,0.8069259260163943,1.1877232232623312,-1.043483340863045,-1.1428480031607346,0.0
515,0.794106880157877,0.8533666061008113,1.1991563513635135,-0.3976526332642755,-0.2137988714862481,-0.0465189076634557,0.0
516,0.6833590347990133,-0.4881270063137091,1.3049238816791686,-0.805318930765557,0.929133815920554,0.9115804139991756,0.0
517,1.4143785829187512,1.6011471855783015,0.9970530339619448,-0.7913022869792202,0.9310151865994152,0.9946110499602556,0.0
518,0.0407827801414164,0.8362023645086148,0.2091166592242927,-0.8212667565846781,0.7833275883089851,0.7895856807155773,0.0
519,-0.9120395554464978,-0.3096864192135675,-1.2073347589458945,-0.9009435894856772,1.0937537503207084,0.8745877144578564,0.0
520,-0.3802112499054302,-0.2122581324087492,-0.2466297651547488,1.455534563873274,-1.1290857067511275,-1.2636830906906864,0.0
521,0.3509561010088054,0.5200098416956792,0.4147114434401167,1.9384546644585323,-1.1225009093751168,-1.320621697194723,0.0
522,1.325798484974655,1.1225650596953507,0.7910915660167701,-0.8924713070192694,0.8999725703982415,1.1633395071158026,0.0
523,1.7244760828720798,1.4446706226740216,1.1976003369293984,-0.9083568366437844,0.9441847813514238,0.9914800064254105,0.0
524,-0.2472421959946527,-0.7033507182719758,-0.3504267689944133,-0.7683149911696278,1.0636518194589686,1.0886583205809763,0.0
525,-0.1807757099033518,-1.1448120920033846,-0.2890279699302232,-0.3478779737741282,-0.3041046640714806,-0.1447409029973033,0.0
526,-1.0671454369877251,-1.215604322876456,-1.2690141507768906,-0.7694363226725347,0.9799308242497472,0.8794582266231713,0.0
527,1.347947945100879,0.9577025648276324,0.8085361458713705,0.0914347905869715,-0.7706845924284996,-0.6094109564834042,0.0
528,-1.6974305845301954,-0.8206990153882046,-1.7898038916344527,-0.8764611850055424,1.0580077074223917,0.906362008107767,0.0
529,-1.111451620276758,-1.402987470721068,-1.3074649254920476,2.13774019100294,-1.17800134440146,-1.3809232763843344,0.0
530,-1.4660593689077317,-1.43769008144681,-1.598525715634159,-0.8789530327897799,0.908438738453107,1.1640352945679904,0.0
531,0.5282390162758621,0.3435037677361796,0.2611538632504434,-0.8304865933863573,1.178415430869364,1.1809661225712276,0.0
532,1.370081582183115,1.03501008995739,0.8677507853302961,-0.7917383603414618,0.9338372426177036,0.8473360392471667,0.0
533,-0.0035336751565001,0.505318491901189,0.1102682914537803,-0.9018157362101604,0.9573543761034392,0.8430453499586753,0.0
534,0.550422820189365,0.3004608503569217,0.2760061485662405,2.122166142351454,-1.152602840236863,-1.362600873476722,0.0
535,-0.202932536823826,-1.149429373367367,-0.2766021743364788,-0.9028124753238556,0.9394813546542808,1.0171081775809954,0.0
536,0.0407827801414164,0.8362023645086148,0.2091166592242927,-0.8962713748902317,0.8087260924735817,0.8683256273881662,0.0
537,0.2623331511488597,-0.1048014024833487,0.5710048031061634,0.8824095734986116,-1.1704758616860216,-1.1460950112709445,0.0
538,0.6390413603485271,-0.4113669849030029,1.212219857790913,1.7950488244756553,-1.150721469558002,-1.326072032236861,0.0
539,-0.7126697718649271,-0.7937435822870115,-0.6932888101542208,-0.5627375489700206,0.3092221772365345,0.3032302516362896,0.0
540,0.8605351574888592,0.5749518399022714,1.127034444631435,1.2811675151712434,-1.1055685732653855,-1.199902574240136,0.0
541,-0.3580368879394874,-0.2754035613391002,-0.2765734773489643,-0.912904458850018,1.1690085774750711,1.2650404397105894,0.0
542,1.547324550748956,1.9967094975294133,1.477730763382681,0.1754100609157809,-0.8506428462800053,-0.6801493474558328,0.0
543,0.794106880157877,0.8533666061008113,1.1991563513635135,0.6177130426179659,-1.17329791770431,-1.0394076019354783,0.0
544,-0.1142838810022539,0.0848995111052411,-0.1988078297390489,-0.7920498413144915,1.0175582378269252,0.8760952539375969,0.0
545,0.7498115395448887,0.5392089721103396,1.2709753454496069,-0.869297122625859,0.8830402342885104,0.8006023153752182,0.0
546,-0.6018677390652586,-0.4815752118090846,-0.2850103916782044,-0.1920751910646684,-0.4480295210041882,-0.2927117011625804,0.0
547,1.547324550748956,1.9967094975294133,1.477730763382681,-0.7832660778750538,1.022261664524075,0.7522450874481643,0.0
548,0.3731106452606386,0.7152131676607102,0.4030604665092607,1.25942614325377,-1.1083906292836745,-1.1963076724038322,0.0
549,-0.3580368879394874,-0.2754035613391002,-0.2765734773489643,-0.8251291206502465,1.1727713188327868,1.2670118374917885,0.0
550,1.2372053395041227,1.8590305623124928,0.8659651949960651,-0.8359063623170743,1.0279057765606452,1.226424236114165,0.0
551,-1.4660593689077317,-1.43769008144681,-1.598525715634159,0.390456524695491,-1.198696421868907,-1.009488741491402,0.0
552,-0.2693979593990555,-0.5202745996838841,-0.3573554972020614,-0.7757282383277347,1.0711773021744069,1.1331887175209971,0.0
553,-1.5990624034539584,-1.2162978275872516,-1.5886698947000373,-0.7604033744546732,1.0137954964692093,0.8705289543200941,0.0
554,0.2401682570698933,-0.0344380495235325,0.5098323913879198,-0.2761750537826895,-0.3059860347503418,-0.1586566520410598,0.0
555,0.1515320262287643,-0.5695955597082392,0.3808745066064436,-0.8615100983001164,1.16242378009906,1.001568924482134,0.0
556,-0.6240407262421335,-0.5021978518932744,-0.4039466507088084,2.165835774770219,-1.1723572323648828,-1.3796476660553234,0.0
557,-1.2222554947749888,-1.3261179485665526,-1.0555085636695924,0.5711154890527216,-1.2231542406940694,-1.0862572903827918,0.0
558,-0.3802112499054302,-0.2122581324087492,-0.2466297651547488,-0.7687510645318693,0.8604637861422022,0.7775253648776552,0.0
559,1.3036687906837077,1.3877667361408326,0.8211436890527061,-0.8204569060548008,0.8811588636096491,1.1633395071158026,0.0
560,-1.1557713958199705,-1.47496595965208,-1.2664569303339404,0.2533426003678137,-1.0688818450276416,-0.86314144738123,0.0
561,0.4395948739127391,0.712959277350625,0.402339853267232,-0.4225711111066521,-0.1018573160941414,0.0086802302101113,0.0
562,1.3922263472749752,1.34273455524903,0.908315571459015,1.387195638390556,-1.0801700691007956,-1.2127746421056107,0.0
563,-1.35525699889565,-0.8457199353487556,-1.4173935189972937,-0.1952522969895714,-0.4837755639025117,-0.3063955210556073,0.0
564,-0.0256899832886468,0.1827840510092661,0.0777450389374365,-0.3261366018566546,-0.2373160049719902,-0.1061246994008793,0.0
565,1.1707114613891312,1.759804638296797,0.7718932813696213,-0.8719758589939144,0.8990318850588142,1.1836333078046142,0.0
566,-1.288743303066549,-0.9830612432722652,-1.11016994777623,-0.7589705619787365,0.865167212839352,0.8294774946410126,0.0
567,-1.0893023676658649,-1.3246579386490882,-1.2845200896971842,-0.7639542575472118,0.9705239708554476,0.8211280452147589,0.0
568,-0.7126697718649271,-0.7937435822870115,-0.6932888101542208,-0.8765234812001482,0.9056166824348184,1.0143250277722442,0.0
569,0.3731106452606386,0.7152131676607102,0.4030604665092607,2.1345630850780366,-1.1488400988791474,-1.3576143967360426,0.0
570,-0.0478423226900883,-0.0185330664851503,0.0456745611129855,1.262416360594855,-1.1347298187877048,-1.2266903911493672,0.0
571,1.0821021297227815,0.3893480791445705,1.1223185730165646,0.935361338913662,-1.113094055980824,-1.1273087500618733,0.0
572,-0.5575416861832837,-0.3811447796114829,-0.0826201044014908,0.4837762242151915,-1.1968150511900455,-1.0397554956615724,0.0
573,0.129383240527366,-0.4765016773458955,0.3030323336964904,-0.840391688328702,1.026024405881791,0.8858362782682263,0.0
574,-1.2665883437840535,-1.1311427491511234,-1.018186537130003,0.4059059809577646,-1.210925331281488,-1.0150550411089043,0.0
575,-0.4245583655935006,-0.2152420276775682,-0.1312391783592572,1.863636934736797,-1.1460180428608588,-1.3281593945934245,0.0
576,1.1928857974156577,1.8300858656987555,0.7839460161256788,-0.8733463752752453,0.940422039993708,1.2190025032908285,0.0
577,1.5694881997359365,2.053987511603952,1.427686405711697,-0.809492775804155,0.978049453570886,0.7757858962471856,0.0
578,-0.5797086035367272,-0.4225999362054964,-0.1733854873554377,-0.9084814290329962,1.1859409135848022,1.1546421639634548,0.0
579,-1.5990624034539584,-1.2162978275872516,-1.5886698947000373,-0.3260120094674427,-0.2758841038885954,-0.1390586388044361,0.0
580,-0.2472421959946527,-0.7033507182719758,-0.3504267689944133,1.9446842839191267,-1.1610690082917288,-1.354947211502656,0.0
581,-0.1586076771550043,-0.7605739819746078,-0.3433131046450035,0.2783856705994023,-1.0745259570642187,-0.8892334768382733,0.0
582,-1.02280200469678,-0.8883339748147548,-1.2492355492711174,-0.8337882917004723,1.0984571770178582,1.0174560713070893,0.0
583,0.8383963325233486,0.7227230936736703,1.1522112683440875,-0.7709937275376832,0.9526509494062892,0.723601837333099,0.0
584,-1.3330901334210392,-0.747589018771158,-1.359211971088889,-0.791551471757644,0.9018539410771028,0.9726937452163392,0.0
585,1.2593510643543888,1.8023274271429544,0.904215090798621,-0.7929842842335807,0.8792774929307946,0.9074056892860488,0.0
586,0.506063590793848,0.4364607741687596,0.3050985167975298,0.3560690252730114,-1.0632377329910647,-0.8837831417961355,0.0
587,0.3731106452606386,0.7152131676607102,0.4030604665092607,0.988437696717924,-1.1488400988791474,-1.1612863706437118,0.0
588,0.1958494672245031,-0.2290573715215803,0.4496994483285333,0.3966238479614793,-1.1582469522734402,-0.9933696655157171,0.0
589,0.6611985763602468,-0.5641205225177462,1.2540504999244353,1.4463147270715944,-1.1281450214116937,-1.2639150198414155,0.0
590,-0.3580368879394874,-0.2754035613391002,-0.2765734773489643,-0.8038861182896204,1.1934663963002337,1.122983834888909,0.0
591,1.0156104305187657,-0.6114887192774917,1.0885135217245752,-0.802079528646048,0.9394813546542808,0.8018779257042291,0.0
592,0.2623331511488597,-0.1048014024833487,0.5710048031061634,0.0197318705955328,-0.706717989347291,-0.5306710098108156,0.0
593,0.7719579647593968,0.7723725559294555,1.2255001859017538,0.6831863431488104,-1.1836454564380368,-1.0805750261899247,0.0
594,-0.6018677390652586,-0.4815752118090846,-0.2850103916782044,0.6521005420404455,-1.2203321846757809,-1.1007528623033715,0.0
595,0.7055274306991901,-0.2002860510855411,1.32754348494887,-0.8455622724809954,0.8501162474084755,0.8943016922698449,0.0
596,1.1264077682840703,1.3772820399210406,0.8793571225027959,1.1161448956601043,-1.0933396638528043,-1.1550242835740216,0.0
597,1.215039096575505,1.855015535039465,0.8186598053556244,1.194015138917531,-1.096161719871093,-1.1793768444005952,0.0
598,1.0821021297227815,0.3893480791445705,1.1223185730165646,-0.8995107770097407,0.8576417301239138,1.0455194985453315,0.0
599,-0.889897877145186,-0.2806413469180043,-1.1624749903525164,-0.8688610492636173,1.0448381126703763,0.8893152155291651,0.0
600,1.4143785829187512,1.6011471855783015,0.9970530339619448,1.1066758740800011,-1.0688818450276416,-1.1487621965043309,0.0
601,-0.7348264172094865,-0.6722616320919617,-0.735916590829811,0.2938974230562816,-1.0801700691007956,-0.881347885713478,0.0
602,-1.6656067596732134,-1.9115728004079209,-1.8452177745248028,1.8294986200927408,-1.1761199737225985,-1.3508884513648935,0.0
603,-1.2000982268844365,-1.3893911283646805,-1.1279684571435074,-0.7278224646757657,0.9827528802680356,0.7637255804092634,0.0
604,0.1072469057458272,-0.1636215520332057,0.2704484986509483,-0.8898548668458197,1.0015665870566213,0.994842979110985,0.0
605,-0.4910127898561875,-0.5473577836528569,0.0012866985365117,1.0755900729716363,-1.139433245484848,-1.2009462554184178,0.0
606,-1.3109110504813164,-0.8175964943135895,-1.2505364793717717,-0.9069863203624536,0.9103201091319616,1.33833005134104,0.0
607,-0.4910127898561875,-0.5473577836528569,0.0012866985365117,-0.7874399229136517,0.8896250316645147,0.8244910179003333,0.0
608,1.28150047260178,1.628768748204339,0.8747528502838151,1.1253647324617837,-1.081110754440223,-1.159314972862513,0.0
609,1.0156104305187657,-0.6114887192774917,1.0885135217245752,0.6053160998913835,-1.17800134440146,-1.0783716992579964,0.0
610,-0.9785031103837484,-0.4014297924022555,-1.2538493871526035,-0.8139158056211769,1.1426693879710403,0.9505445113216938,0.0
611,-0.7126697718649271,-0.7937435822870115,-0.6932888101542208,-0.8801366604872928,0.9056166824348184,1.0145569569229735,0.0
612,0.3509561010088054,0.5200098416956792,0.4147114434401167,-0.8137289170373591,0.9799308242497472,0.9421950618954396,0.0
613,0.550422820189365,0.3004608503569217,0.2760061485662405,1.6549446828068926,-1.118738168017401,-1.2888474035448128,0.0
614,-1.35525699889565,-0.8457199353487556,-1.4173935189972937,2.1814098234217045,-1.1770606590620258,-1.3847501073713675,0.0
615,0.971306244564794,-0.2676746338385222,0.9792226390529838,0.3810497993099939,-1.107449943944247,-0.94466454386257,0.0
616,-1.4217471676741,-1.7091059251034992,-1.5503785476932943,-0.7888727353895885,0.9065573677742458,0.913667776355739,0.0
617,1.5030086401787832,1.9410648695500423,1.493966881207508,-0.8132305474805117,0.9441847813514238,0.8246069824756977,0.0
618,-1.621238140208969,-1.7322470822953142,-1.6206255845744304,2.1535011282382426,-1.198696421868907,-1.3920558756193395,0.0
619,-0.8455981787102469,-0.0844981395686021,-1.0567234028077035,-0.3072608548910542,-0.278706159906884,-0.1409140720102703,0.0
620,1.215039096575505,1.855015535039465,0.8186598053556244,2.097247664509078,-1.1337891334482708,-1.3404516395820762,0.0
621,-1.02280200469678,-0.8883339748147548,-1.2492355492711174,2.0506501109438333,-1.17800134440146,-1.3687469959710477,0.0
622,-0.0478423226900883,-0.0185330664851503,0.0456745611129855,-0.8103026263340324,1.088109638284131,0.8148659581450682,0.0
623,0.5282390162758621,0.3435037677361796,0.2611538632504434,-0.8636281689167185,1.1718306334933597,1.1836333078046142,0.0
624,0.506063590793848,0.4364607741687596,0.3050985167975298,0.7890898739789111,-1.1836454564380368,-1.1164080799775973,0.0
625,1.48085173544006,1.9028673600843684,1.4217301865253702,2.141041889317054,-1.130026392090555,-1.340219710431347,0.0
626,-0.3358840038103021,-0.3340959600211806,-0.3026749817704149,-0.8476180469029913,1.1379659612738973,1.250776796940739,0.0
627,-0.2693979593990555,-0.5202745996838841,-0.3573554972020614,0.5896797550452922,-1.2156287579786378,-1.095766385562692,0.0
628,1.0377700848356246,-0.4644839707127652,1.2354739833400992,-0.8003352351970818,0.8181329458678746,0.7237178019084638,0.0
629,-0.7569715195137597,-0.4494914938727996,-0.8000894320203944,-0.7617115945413979,1.1661865214567826,0.8446688540137801,0.0
630,-0.3137267099803332,-0.3930347353768335,-0.3279889133123023,-0.7822070425667528,1.049541539367526,1.060362964192005,0.0
631,1.1264077682840703,1.3772820399210406,0.8793571225027959,1.639432930350013,-1.1018058319076698,-1.262871338663134,0.0
632,-1.1779389875982396,-1.4414039816743596,-1.1989584271458502,-0.7761643116899765,0.966761229497732,0.8266943448322612,0.0
633,-0.4910127898561875,-0.5473577836528569,0.0012866985365117,1.1909003291872342,-1.135670504127132,-1.2229795247376989,0.0
634,-0.0256899832886468,0.1827840510092661,0.0777450389374365,0.5929814533594071,-1.199637107208334,-1.0784876638333611,0.0
635,1.2593510643543888,1.8023274271429544,0.904215090798621,-0.7870038495514102,0.8632858421604908,0.8670500170591549,0.0
636,-0.5353405547396431,-0.4897512673468887,-0.0342146635729959,-0.789433401141042,1.1981698229973834,0.9719979577641517,0.0
637,-0.4910127898561875,-0.5473577836528569,0.0012866985365117,-0.8801366604872928,1.214161473767681,1.2281637047446348,0.0
638,-0.6018677390652586,-0.4815752118090846,-0.2850103916782044,-0.8013942705053827,1.1332625345767475,0.8977806295307837,0.0
639,-0.2693979593990555,-0.5202745996838841,-0.3573554972020614,1.3217846340543171,-1.1309670774299825,-1.2361994863292671,0.0
640,-1.576916289512447,-0.7353431855884227,-1.6009330740312004,0.0383584327827094,-0.788557613877658,-0.6133537520458017,0.0
641,0.7055274306991901,-0.2002860510855411,1.32754348494887,-0.7744823144356159,0.8256584285833127,0.8411899167528409,0.0
642,1.3036687906837077,1.3877667361408326,0.8211436890527061,-0.892845084186905,0.820955001886163,1.1977809859990998,0.0
643,0.129383240527366,-0.4765016773458955,0.3030323336964904,0.3468491884713319,-1.0905176078345158,-0.910107100403908,0.0
644,0.0850891190669472,0.2206348081195389,0.2584276494365735,-0.8514804109685596,1.016617552487498,0.9445143534027328,0.0
645,-1.35525699889565,-0.8457199353487556,-1.4173935189972937,2.0163872039105653,-1.167653805667733,-1.3635285900796388,0.0
646,1.6137557332945722,2.0121034770966832,1.3818381853261557,0.2503523830267286,-0.9296604147920772,-0.7643396291705591,0.0
647,-1.4217471676741,-1.7091059251034992,-1.5503785476932943,-0.7767249774414299,0.9451254666908576,0.8712247417722819,0.0
648,-1.621238140208969,-1.7322470822953142,-1.6206255845744304,1.804580142250364,-1.1667131203283057,-1.3409154978835345,0.0
649,0.971306244564794,-0.2676746338385222,0.9792226390529838,0.2534048965624196,-0.9691691990481164,-0.7911274460797905,0.0
650,-1.5547382960282117,-0.2515506493125189,-1.6076226606762296,1.9228806158070475,-1.167653805667733,-1.34555408089812,0.0
651,1.215039096575505,1.855015535039465,0.8186598053556244,-0.7278224646757657,0.8792774929307946,0.6874208898193321,0.0
652,0.6169030022925112,-0.0737670666752374,1.060103504085298,-0.8694217150150708,0.8670485835182066,0.9931035104805152,0.0
653,-1.111451620276758,-1.402987470721068,-1.3074649254920476,-0.7865054799945627,1.0391940006337994,0.9752449658743612,0.0
654,-0.468869607068726,-0.4101716017830785,-0.0189478662153237,1.1504078026933722,-1.1384925601454206,-1.2095276339954009,0.0
655,-1.35525699889565,-0.8457199353487556,-1.4173935189972937,0.1693050338443985,-0.944711380222947,-0.7483365177702392,0.0
656,-0.6905411929688839,-0.772062435012661,-0.6659597123779867,-0.4474895889490287,-0.0604671611592477,0.0385990906541878,0.0
657,1.702326441169941,1.5502567148926731,1.2546116854580498,1.0132938783656948,-1.0745259570642187,-1.1201189463892656,0.0
658,-0.9342076660130946,-0.3326633252896674,-1.2314115314704948,-0.8050697459871333,1.0834062115869882,0.8908227550089056,0.0
659,-0.202932536823826,-1.149429373367367,-0.2766021743364788,-0.8557165522017638,0.9479475227091464,1.0171081775809954,0.0
660,-0.5797086035367272,-0.4225999362054964,-0.1733854873554377,1.427688164884418,-1.1347298187877048,-1.2680897445545427,0.0
661,1.4365475494860882,1.7106844296360917,1.144648017856953,1.3498802178215967,-1.0717039010459302,-1.1968874952806554,0.0
662,-1.643423941457533,-2.110581277220343,-1.7301492317003069,-0.8684872720959819,0.9037353117559572,0.925844056769026,0.0
663,-0.2472421959946527,-0.7033507182719758,-0.3504267689944133,2.131697460126164,-1.1723572323648828,-1.377908197424854,0.0
664,-1.6878509505480344,-1.1016322986943663,-1.812767858754328,-0.8704807503233719,1.0796434702292723,0.9314103563865284,0.0
665,0.3509561010088054,0.5200098416956792,0.4147114434401167,-0.7881874772489231,0.8425907646930438,0.7983989884432898,0.0
666,0.4838934310133578,0.5712470647367055,0.3403065319235566,-0.7790922328364557,1.010032755111487,0.8185768245567366,0.0
667,0.2401682570698933,-0.0344380495235325,0.5098323913879198,-0.5223073186707645,0.1521277255518115,0.2022251064936909,0.0
668,1.2372053395041227,1.8590305623124928,0.8659651949960651,-0.77871845566882,0.8557603594450525,0.8689054502649892,0.0
669,-1.2665883437840535,-1.1311427491511234,-1.018186537130003,-0.8007713085593233,0.9789901389103132,1.0280088476652711,0.0
670,1.3922263472749752,1.34273455524903,0.908315571459015,0.0913724943923656,-0.8083120060056777,-0.6344593047621657,0.0
671,-0.8234407551831961,0.0448952393667084,-0.9895820176864596,-0.8727234133291858,0.9714646561948816,0.926423879645849,0.0
672,-0.801280037350266,-0.008723624852186,-0.9253932337250342,-0.7433965133272511,1.0090920697720596,0.7926007596750579,0.0
673,0.9048134040264572,0.2164190294828602,1.067746468426639,-0.8632543917490827,0.8755147515730721,0.8980125586815133,0.0
674,-1.6942457170484089,-0.9251627249828022,-1.799889288468688,-0.8816317691578355,1.0448381126703763,0.9186542530964183,0.0
675,-0.3580368879394874,-0.2754035613391002,-0.2765734773489643,0.2471129809072195,-1.016203466019587,-0.835309949293717,0.0
676,-0.7791253374619345,-0.2009339304864142,-0.8696381755386821,-0.7634558879903643,1.088109638284131,0.8461763934935203,0.0
677,1.347947945100879,0.9577025648276324,0.8085361458713705,-0.8288668923266029,1.0514229100463874,1.1052412548581196,0.0
678,1.5916260908824578,2.1258291246052003,1.3955107055996936,-0.8657462395333203,0.9686426001765932,0.803733358910063,0.0
679,-1.3109110504813164,-0.8175964943135895,-1.2505364793717717,-0.8944647852466594,0.9122014798108228,1.3380981221903108,0.0
680,1.0821021297227815,0.3893480791445705,1.1223185730165646,-0.7832037816804478,0.8952691437010917,0.7963116260867263,0.0
681,-0.6018677390652586,-0.4815752118090846,-0.2850103916782044,-0.2295775002174451,-0.3680712671526825,-0.2191901603814004,0.0
682,-1.643423941457533,-2.110581277220343,-1.7301492317003069,1.916650996346453,-1.1911709391534684,-1.3732696144102683,0.0
683,-1.111451620276758,-1.402987470721068,-1.3074649254920476,0.1567212025339984,-0.9654064576904006,-0.7665429561024872,0.0
684,-0.3358840038103021,-0.3340959600211806,-0.3026749817704149,-0.7824562273451765,0.9535916347457232,0.9481092552390364,0.0
685,1.104256336762202,0.9633144779478888,0.9865945762900216,1.1565751259593604,-1.107449943944247,-1.1734626510569988,0.0
686,-0.6018677390652586,-0.4815752118090846,-0.2850103916782044,-0.8909761983487267,1.2235683271619802,1.1243754097932843,0.0
687,0.5282390162758621,0.3435037677361796,0.2611538632504434,1.1254270286563897,-1.109331314623108,-1.170563536672883,0.0
688,1.28150047260178,1.628768748204339,0.8747528502838151,-0.909851945314327,0.8952691437010917,1.2024195690136856,0.0
689,1.1485587588358606,1.622901333348526,0.8069259260163943,-0.7912399907846143,0.9234897038839768,0.7912091847706823,0.0
690,-0.8234407551831961,0.0448952393667084,-0.9895820176864596,-0.8930319727707228,0.9714646561948816,0.9297868523314236,0.0
691,1.215039096575505,1.855015535039465,0.8186598053556244,-0.791489175563038,1.006270013753771,0.8752835019100442,0.0
692,0.3288024386971289,0.2077958459078333,0.4809759761650848,0.9292563118422796,-1.1535435255762905,-1.1556041064508449,0.0
693,-1.1557713958199705,-1.47496595965208,-1.2664569303339404,-0.7997745694456283,1.0137954964692093,0.9888128211920238,0.0
694,0.5282390162758621,0.3435037677361796,0.2611538632504434,1.6892698860347664,-1.1253229653934054,-1.2917465179289285,0.0
695,1.702326441169941,1.5502567148926731,1.2546116854580498,1.1005708470086188,-1.059474991633342,-1.1389052075983368,0.0
696,-1.643423941457533,-2.110581277220343,-1.7301492317003069,-0.8273717836560602,0.9018539410771028,0.9206256508776172,0.0
697,0.6611985763602468,-0.5641205225177462,1.2540504999244353,1.2563113335234728,-1.1206195386962623,-1.216833402243373,0.0
698,-0.889897877145186,-0.2806413469180043,-1.1624749903525164,-0.9046813611620336,1.0391940006337994,0.8973167712293254,0.0
699,-1.643423941457533,-2.110581277220343,-1.7301492317003069,-0.7822070425667528,0.9413627253331353,0.9219012612066284,0.0
700,-1.0006545159662004,-0.6188982696086267,-1.248913505300124,0.1164155646239542,-0.8713379237474522,-0.6720318271803081,0.0
701,-0.1807757099033518,-1.1448120920033846,-0.2890279699302232,-0.912842162655412,0.8830402342885104,0.9590099253233124,0.0
702,1.370081582183115,1.03501008995739,0.8677507853302961,-0.8677397177607106,0.9611171174611548,1.0923691869926448,0.0
703,0.3066405017116291,-0.0278315046470051,0.5467112088981197,1.2967415638227289,-1.113094055980824,-1.223675312189887,0.0
704,-0.7569715195137597,-0.4494914938727996,-0.8000894320203944,0.3001270425168758,-1.0604156769727762,-0.8609381204493018,0.0
705,-0.1142838810022539,0.0848995111052411,-0.1988078297390489,0.4558675290317296,-1.17329791770431,-0.9956889570230102,0.0
706,1.0821021297227815,0.3893480791445705,1.1223185730165646,-0.8931565651599346,0.8567010447844865,1.0455194985453315,0.0
707,1.0821021297227815,0.3893480791445705,1.1223185730165646,-0.8233225310066742,0.8924470876828032,0.9621409688581573,0.0
708,-1.3995845043849418,-1.4480926521087445,-1.4799370090078934,-0.8399556149664605,0.9658205441583048,1.2332661460606789,0.0
709,1.635884156554117,1.8664583627675928,1.3395738998257491,-0.5377567749330381,0.1841110270924125,0.2105745559199446,0.0
710,-0.2250774056733518,-0.9649114949857818,-0.3193670628413027,0.5678760869332127,-1.2024591632266224,-1.0754725848738806,0.0
711,-1.5325772150434522,-0.1119280758929726,-1.5286676823615506,0.0446503484379095,-0.8337105101702742,-0.6132377874704371,0.0
712,-0.2472421959946527,-0.7033507182719758,-0.3504267689944133,0.0695688262802861,-0.8167781740605432,-0.6302845800490389,0.0
713,-0.5575416861832837,-0.3811447796114829,-0.0826201044014908,1.6830402665741722,-1.1478994135397134,-1.3113445311655525,0.0
714,1.1928857974156577,1.8300858656987555,0.7839460161256788,-0.879015328984386,0.940422039993708,1.2202781136198395,0.0
715,-1.488229347112307,-1.0701234596630809,-1.5238019487007703,1.4277504610790237,-1.1431959868425705,-1.255217676689068,0.0
716,1.4586996294933658,1.811388613693221,1.3063077141881971,2.1376778948083337,-1.1384925601454206,-1.3475254786793192,0.0
717,1.0156104305187657,-0.6114887192774917,1.0885135217245752,-0.9016911438209486,0.8614044714816296,0.998321916371924,0.0
718,-0.6462140506314213,-0.5473486585908699,-0.5064714214353353,-0.7759774231061586,1.1342032199161816,0.8471041100964376,0.0
719,1.0599350307934237,-0.1384363809569396,1.250087127093276,-0.1048605186163502,-0.7123621013838681,-0.4687459265660993,1.0
720,-1.621238140208969,-1.7322470822953142,-1.6206255845744304,-0.7811480072584517,1.0730586728532616,0.9108846265469877,0.0
721,1.0821021297227815,0.3893480791445705,1.1223185730165646,1.147292992963075,-1.0999244612288086,-1.1741584385091866,0.0
722,0.1515320262287643,-0.5695955597082392,0.3808745066064436,-0.8841236169420731,1.1586610387413443,1.010846090511305,0.0
723,1.215039096575505,1.855015535039465,0.8186598053556244,-0.8809465110171701,0.9592357467823004,1.2478776825566231,0.0
724,-1.510407392475375,-0.6274484526877799,-1.4610767111025806,1.4400228114163944,-1.1450773575214248,-1.2642629135675096,0.0
725,-1.3774440971150324,-1.0970697677022905,-1.450605499213985,-0.8930319727707228,0.8896250316645147,1.2522843364204794,0.0
726,1.5030086401787832,1.9410648695500423,1.493966881207508,-0.7790922328364557,0.9441847813514238,0.8251868053525212,0.0
727,-0.7569715195137597,-0.4494914938727996,-0.8000894320203944,1.6642891119977838,-1.1431959868425705,-1.3054303378219558,0.0
728,1.547324550748956,1.9967094975294133,1.477730763382681,-0.8869269456993404,1.005329328414344,0.7703355612050475,0.0
729,0.2844796801210335,-0.1258894207287289,0.58757253056449,-0.7769118660252476,0.8190736312073085,0.7768295774254673,0.0
730,0.5282390162758621,0.3435037677361796,0.2611538632504434,-0.0456791337407057,-0.6530989249998159,-0.4782550217459996,0.0
731,-1.4217471676741,-1.7091059251034992,-1.5503785476932943,1.9073065671555616,-1.17800134440146,-1.3642243775318266,0.0
732,1.48085173544006,1.9028673600843684,1.4217301865253702,1.5272374838647127,-1.0688818450276416,-1.2166014730926438,0.0
733,0.9934367429776486,-0.5026997303024033,0.9981754050291748,0.8264052945478702,-1.1422553015031365,-1.0999411102758188,0.0
734,0.6390413603485271,-0.4113669849030029,1.212219857790913,1.8263215141678373,-1.1535435255762905,-1.330826579826811,0.0
735,-1.576916289512447,-0.7353431855884227,-1.6009330740312004,-0.8718512666047027,0.858582415463341,0.983362486149886,0.0
736,0.3952650857548063,0.8061991607047161,0.4259861709791154,0.0851428749317715,-0.8393546222068513,-0.6547531054509773,0.0
737,-1.2665883437840535,-1.1311427491511234,-1.018186537130003,1.1565751259593604,-1.1384925601454206,-1.2048890509808154,0.0
738,-1.510407392475375,-0.6274484526877799,-1.4610767111025806,-0.8750283725296056,1.13702527593447,0.989392644068847,0.0
739,1.4586996294933658,1.811388613693221,1.3063077141881971,-0.7982171645804798,0.9545323200851504,0.8981285232568776,0.0
740,0.4838934310133578,0.5712470647367055,0.3403065319235566,-0.8868023533101287,1.2207462711436916,1.2199302198937458,0.0
741,1.4143785829187512,1.6011471855783015,0.9970530339619448,0.6613826750367309,-1.1497807842185743,-1.0507721303212127,0.0
742,1.5030086401787832,1.9410648695500423,1.493966881207508,1.0445042718632715,-1.0876955518162272,-1.125105423129945,0.0
743,0.727658214445625,0.1935424990885822,1.3125572803580048,-0.7309372744060628,0.8632858421604908,0.7335747908144576,0.0
744,0.8826617909286743,0.4397549215450411,1.088762228949701,-0.7675674368343565,0.9432440960119964,0.7234858727577342,0.0
745,-0.5797086035367272,-0.4225999362054964,-0.1733854873554377,-0.2793521597075925,-0.321977685520639,-0.1755874800442967,0.0
746,0.6833590347990133,-0.4881270063137091,1.3049238816791686,2.0288464428317536,-1.163891064310017,-1.3629487672028158,0.0
747,0.4617499888317325,0.6581085297638741,0.3680628959583385,-0.7834529664588716,1.005329328414344,0.8110391271580355,0.0
748,1.5030086401787832,1.9410648695500423,1.493966881207508,-0.8577723266237597,0.9441847813514238,0.8261145219554382,0.0
749,-1.4439159007866895,-1.69502595446195,-1.599393002367927,-0.7709937275376832,0.9281931305811266,0.896736948352502,0.0
750,0.3288024386971289,0.2077958459078333,0.4809759761650848,0.7737027139112433,-1.189289568474614,-1.1349624120359392,0.0
751,0.594732090268946,0.1809042882405301,0.7245241206458167,-0.8302374086079336,0.907498053113673,1.0229064063492272,0.0
752,-1.1336169553258026,-1.4682864142796788,-1.3066964839374955,-0.8988255188690752,1.145491443989329,1.2293233504982812,0.0
753,0.7498115395448887,0.5392089721103396,1.2709753454496069,1.4868072535654564,-1.1140347413202512,-1.2508110228252118,0.0
754,-1.576916289512447,-0.7353431855884227,-1.6009330740312004,1.2718230859803523,-1.141314616163709,-1.229937399259577,0.0
755,-1.0893023676658649,-1.3246579386490882,-1.2845200896971842,-0.8182142430489869,1.1426693879710403,1.1555698805663723,0.0
756,0.4838934310133578,0.5712470647367055,0.3403065319235566,-0.8798251795142632,1.224509012501407,1.2212058302227566,0.0
757,1.28150047260178,1.628768748204339,0.8747528502838151,0.3342653571609318,-1.0067966126252943,-0.8522407772969541,0.0
758,0.6169030022925112,-0.0737670666752374,1.060103504085298,-0.5034938678997701,-0.0049667261329113,0.0946099805553076,0.0
759,-1.5547382960282117,-0.2515506493125189,-1.6076226606762296,0.3934467420365763,-1.1921116244929024,-0.9852521452401928,0.0
760,0.4174259332848184,0.7659211371066594,0.4305171064522253,-0.8057550041277985,0.9216083332051156,0.8583526739068071,0.0
761,0.2844796801210335,-0.1258894207287289,0.58757253056449,-0.7600295972870376,0.8726926955547836,0.7225581561548172,0.0
762,0.1072469057458272,-0.1636215520332057,0.2704484986509483,-0.1640419034919946,-0.4865976199208002,-0.3250658176893141,0.0
763,1.5916260908824578,2.1258291246052003,1.3955107055996936,-0.780774230090816,0.966761229497732,0.7287042786491431,0.0
764,0.506063590793848,0.4364607741687596,0.3050985167975298,-0.5035561640943762,0.024194519389401,0.1085257295990637,0.0
765,-1.4439159007866895,-1.69502595446195,-1.599393002367927,0.144324259807416,-0.9465927509018082,-0.7491482697977918,0.0
766,0.971306244564794,-0.2676746338385222,0.9792226390529838,1.181493603801737,-1.1055685732653855,-1.198626963911125,0.0
767,-0.4023817728377497,-0.1844814437289841,-0.1934478701821887,1.063193130245054,-1.1431959868425705,-1.1953799558009153,0.0
768,0.7055274306991901,-0.2002860510855411,1.32754348494887,-0.9008189970964656,0.8491755620690482,0.8933739756669274,0.0
769,0.129383240527366,-0.4765016773458955,0.3030323336964904,0.2036302370722724,-0.8986177985909034,-0.7253755318480413,0.0
770,-0.4023817728377497,-0.1844814437289841,-0.1934478701821887,-0.8119846235883927,-1.073585271724785,0.8865320657204142,1.0
771,0.4174259332848184,0.7659211371066594,0.4305171064522253,-0.8193978707464997,1.038253315294372,0.9717660286134224,0.0
772,0.6169030022925112,-0.0737670666752374,1.060103504085298,-0.8785169594275384,0.8679892688576405,0.9933354396312448,0.0
773,0.3509561010088054,0.5200098416956792,0.4147114434401167,1.0569635107844595,-1.139433245484848,-1.1639535558770984,0.0
774,0.6390413603485271,-0.4113669849030029,1.212219857790913,1.9321004526087264,-1.1554248962551517,-1.3391760292530652,0.0
775,-1.1557713958199705,-1.47496595965208,-1.2664569303339404,-0.1609270937616976,-0.5119961240853902,-0.3259935342922311,0.0
776,1.3922263472749752,1.34273455524903,0.908315571459015,0.8545008783151498,-1.1065092586048195,-1.1011007560294654,0.0
777,1.702326441169941,1.5502567148926731,1.2546116854580498,-0.8370899900145872,0.9996852163777667,0.8995200981612533,0.0
778,-0.202932536823826,-1.149429373367367,-0.2766021743364788,1.337234090316591,-1.139433245484848,-1.2573050390456313,0.0
779,-0.468869607068726,-0.4101716017830785,-0.0189478662153237,-0.4039445489194756,-0.1677052898542046,-0.0446634744576215,0.0
780,-1.4660593689077317,-1.43769008144681,-1.598525715634159,-0.9101011300927506,0.8567010447844865,1.1748200000769016,0.0
781,-0.202932536823826,-1.149429373367367,-0.2766021743364788,-0.0861716602345677,-0.6013612313311953,-0.4398707473003046,0.0
782,1.0377700848356246,-0.4644839707127652,1.2354739833400992,-0.092338983500556,-0.6709719464489743,-0.4842851796649607,0.0
783,0.6169030022925112,-0.0737670666752374,1.060103504085298,-0.8122338083668166,0.9855749362863242,0.9905522898224934,0.0
784,0.4174259332848184,0.7659211371066594,0.4305171064522253,-0.1951277046003595,-0.5298691455345552,-0.350925917995628,0.0
785,-1.5990624034539584,-1.2162978275872516,-1.5886698947000373,0.3779349895796968,-1.194933680511191,-0.9959208861737396,0.0
786,-0.5797086035367272,-0.4225999362054964,-0.1733854873554377,-0.780898822480028,1.107864030412151,0.8473360392471667,0.0
787,0.2844796801210335,-0.1258894207287289,0.58757253056449,-0.8608871363540568,0.8604637861422022,1.1038496799537438,0.0
788,-0.4910127898561875,-0.5473577836528569,0.0012866985365117,-0.2824046732432836,-0.4019359393721447,-0.2487611270993827,0.0
789,-0.3580368879394874,-0.2754035613391002,-0.2765734773489643,2.06927667313101,-1.1704758616860216,-1.374661189314644,0.0
790,0.727658214445625,0.1935424990885822,1.3125572803580048,-0.3042706375499691,-0.3915884006384179,-0.2297429367395823,0.0
791,-1.4217471676741,-1.7091059251034992,-1.5503785476932943,-0.8222011995037672,0.8030819804370046,1.0425044195858508,0.0
792,-1.3330901334210392,-0.747589018771158,-1.359211971088889,-0.6592343544146242,0.6986659077603362,0.5758629683185512,0.0
793,-0.1142838810022539,0.0848995111052411,-0.1988078297390489,2.1409172969278427,-1.167653805667733,-1.3707183937522465,0.0
794,-1.0006545159662004,-0.6188982696086267,-1.248913505300124,-0.7526163501289305,1.1106860864304395,0.9593578190494064,0.0
795,-0.468869607068726,-0.4101716017830785,-0.0189478662153237,-0.7123107122188862,0.9206676478656884,0.7006408514109008,0.0
796,-0.6462140506314213,-0.5473486585908699,-0.5064714214353353,-0.7941056157364875,1.1558389827230555,0.8750515727593151,0.0
797,1.5694881997359365,2.053987511603952,1.427686405711697,-0.8296767428564802,0.9733460268737362,0.7793807980834893,0.0
798,0.6169030022925112,-0.0737670666752374,1.060103504085298,-0.891599160294786,0.8670485835182066,0.9931035104805152,0.0
799,0.3509561010088054,0.5200098416956792,0.4147114434401167,-0.7626460374604871,0.9187862771868271,0.7479543981596729,0.0
800,-0.4023817728377497,-0.1844814437289841,-0.1934478701821887,2.165711182381008,-1.1704758616860216,-1.3784880203016772,0.0
801,-1.288743303066549,-0.9830612432722652,-1.11016994777623,-0.2917491024341748,-0.3445541336669471,-0.1886914770605009,0.0
802,-1.35525699889565,-0.8457199353487556,-1.4173935189972937,1.4712332049139711,-1.1403739308242815,-1.2646108072936038,0.0
803,1.7244760828720798,1.4446706226740216,1.1976003369293984,2.0131478017910567,-1.130026392090555,-1.3403356750067117,0.0
804,-1.6942457170484089,-0.9251627249828022,-1.799889288468688,1.2002447583781253,-1.1591876376128674,-1.212658677530246,0.0
805,-0.4245583655935006,-0.2152420276775682,-0.1312391783592572,1.7827141779436786,-1.139433245484848,-1.3137797872482098,0.0
806,-0.2472421959946527,-0.7033507182719758,-0.3504267689944133,-0.7589705619787365,1.0617704487801074,1.0873827102519655,0.0
807,-0.9120395554464978,-0.3096864192135675,-1.2073347589458945,-0.7923613222875212,1.1407880172921858,0.8850245262406737,0.0
808,-0.5353405547396431,-0.4897512673468887,-0.0342146635729959,2.20327578772839,-1.1742386030437373,-1.3852139656728262,0.0
809,-1.5547382960282117,-0.2515506493125189,-1.6076226606762296,-0.7699346922293823,0.9761680828920248,0.8951134442973971,0.0
810,-0.2915509732253226,-0.4500024973439124,-0.3433449901866872,-0.8185257240220166,1.0946944356601425,1.1873441742162825,0.0
811,0.5725840308712062,0.219412049813663,0.4228295023525284,-0.0830568505042706,-0.6295817915140739,-0.4477563384251001,0.0
812,-0.9785031103837484,-0.4014297924022555,-1.2538493871526035,-0.8438802752266348,1.1417287026316132,0.9501966175956,0.0
813,-0.1364503314462027,-0.2045748302180934,-0.3293281060629767,-0.8841236169420731,0.9498288933880008,0.8975487003800546,0.0
814,0.0407827801414164,0.8362023645086148,0.2091166592242927,-0.8779562936760849,0.8068447217947204,0.8686735211142601,0.0
815,-0.202932536823826,-1.149429373367367,-0.2766021743364788,-0.782954596902024,0.9987445310383328,0.8261145219554382,0.0
816,-1.3330901334210392,-0.747589018771158,-1.359211971088889,-0.5222450224761587,0.2396114621187555,0.2552209174353297,0.0
817,0.4395948739127391,0.712959277350625,0.402339853267232,-0.9020649209885844,0.7626325108415382,1.2773326846992408,0.0
818,0.6390413603485271,-0.4113669849030029,1.212219857790913,0.6925307723397017,-1.1723572323648828,-1.0963462084395152,0.0
819,-0.0256899832886468,0.1827840510092661,0.0777450389374365,0.1691804414551867,-0.8515835316194327,-0.681656886935573,0.0
820,-1.4217471676741,-1.7091059251034992,-1.5503785476932943,-0.8572116608723064,0.8548196741056252,1.2105370892892098,0.0
821,1.525160097640068,1.956659600480962,1.5094505002486225,1.679925456843875,-1.0820514397796503,-1.2494194479208365,0.0
822,0.506063590793848,0.4364607741687596,0.3050985167975298,-0.6343158765722475,0.5839022963499411,0.4749737877513169,0.0
823,0.9269793097426622,0.0469483783131432,1.0174916661805498,-0.8995107770097407,0.9488882080485735,0.9368606914286663,0.0
824,1.104256336762202,0.9633144779478888,0.9865945762900216,-0.1515826645708063,-0.5261064041768327,-0.3539409969551086,0.0
825,-0.3802112499054302,-0.2122581324087492,-0.2466297651547488,2.0599945401347246,-1.162009693631156,-1.360629475695523,0.0
826,1.1485587588358606,1.622901333348526,0.8069259260163943,-0.6811003187213096,0.5923684644048066,0.4937600489603884,0.0
827,-1.0893023676658649,-1.3246579386490882,-1.2845200896971842,-0.7917383603414618,1.0871689529447042,1.055608416602055,0.0
828,0.8826617909286743,0.4397549215450411,1.088762228949701,0.0571095873590978,-0.8064306353268164,-0.614861291525542,0.0
829,0.3509561010088054,0.5200098416956792,0.4147114434401167,1.2376847713362962,-1.1083906292836745,-1.1961917078284678,0.0
830,-1.288743303066549,-0.9830612432722652,-1.11016994777623,-0.89184834507321,0.91314216515025,1.3478391465209405,0.0
831,0.794106880157877,0.8533666061008113,1.1991563513635135,-0.7632689994065465,0.8200143165467357,0.7405326653363361,0.0
832,-0.8455981787102469,-0.0844981395686021,-1.0567234028077035,2.178232717496801,-1.175179288383171,-1.3744292601639148,0.0
833,0.6390413603485271,-0.4113669849030029,1.212219857790913,-0.893779527105994,0.8670485835182066,0.9593578190494064,0.0
834,-1.1779389875982396,-1.4414039816743596,-1.1989584271458502,-0.7886235506111647,0.9724053415343088,0.8489595433022716,0.0
835,-1.6942457170484089,-0.9251627249828022,-1.799889288468688,1.156699718348572,-1.151662154897436,-1.196655566129926,0.0
836,-1.576916289512447,-0.7353431855884227,-1.6009330740312004,1.6052323195113511,-1.1469587282002862,-1.2917465179289285,0.0
837,-0.9342076660130946,-0.3326633252896674,-1.2314115314704948,1.10362336054431,-1.156365581594579,-1.19074137278633,0.0
838,-1.3330901334210392,-0.747589018771158,-1.359211971088889,0.3405572728161319,-1.1761199737225985,-0.9614794072904422,0.0
839,0.3731106452606386,0.7152131676607102,0.4030604665092607,-0.8228864576444325,1.195347766979095,1.142465883550168,0.0
840,1.1928857974156577,1.8300858656987555,0.7839460161256788,-0.8371522862091932,0.9357186132965584,1.1491918289213168,0.0
841,1.1707114613891312,1.759804638296797,0.7718932813696213,-0.7890596239734062,0.9940411043411898,0.9078695475875072,0.0
842,1.104256336762202,0.9633144779478888,0.9865945762900216,-0.5689048722360089,0.2574844835679139,0.2807331240155502,0.0
843,-1.3995845043849418,-1.4480926521087445,-1.4799370090078934,-0.7748560916032516,0.9488882080485735,0.8919824007625518,0.0
844,-1.1557713958199705,-1.47496595965208,-1.2664569303339404,1.0506715951292598,-1.1601283229522947,-1.1863347189224736,0.0
845,0.7055274306991901,-0.2002860510855411,1.32754348494887,-0.4444370754133376,-0.1780528285879314,-0.0213545948093294,0.0
846,-1.2222554947749888,-1.3261179485665526,-1.0555085636695924,-0.775479053549311,1.0128548111297755,0.8977806295307837,0.0
847,-0.6462140506314213,-0.5473486585908699,-0.5064714214353353,1.0506715951292598,-1.1648317496494445,-1.1923648768414346,0.0
848,1.547324550748956,1.9967094975294133,1.477730763382681,-0.7713675047053189,1.0203802938452138,0.7512014062698825,0.0
849,-1.621238140208969,-1.7322470822953142,-1.6206255845744304,-0.1266018905338237,-0.5496235376625748,-0.3807288138643397,0.0
850,0.727658214445625,0.1935424990885822,1.3125572803580048,0.9200364750406002,-1.1319077627694163,-1.1282364666647902,0.0
851,-0.092125056746719,-0.0089882516497262,-0.0513371994566008,1.8917948146986825,-1.152602840236863,-1.3290871111963418,0.0
852,-0.3802112499054302,-0.2122581324087492,-0.2466297651547488,2.200036385608881,-1.1695351763465942,-1.3789518786031356,0.0
853,-1.6910579702914044,-1.0066404034393193,-1.8053162076630829,1.1816181961909489,-1.1554248962551517,-1.2288937180812955,0.0
854,-1.4217471676741,-1.7091059251034992,-1.5503785476932943,-0.9110355730118398,0.8416500793536166,1.24254331208985,0.0
855,0.971306244564794,-0.2676746338385222,0.9792226390529838,-0.7820824501775409,0.9479475227091464,0.7493459730640486,0.0
856,1.1707114613891312,1.759804638296797,0.7718932813696213,-0.3540452970401164,-0.278706159906884,-0.1142422196764037,0.0
857,-0.4910127898561875,-0.5473577836528569,0.0012866985365117,-0.6936841500317098,0.7108948171729176,0.5639186170559939,0.0
858,1.702326441169941,1.5502567148926731,1.2546116854580498,-0.7901809554763133,0.9733460268737362,0.8338841485048689,0.0
859,-1.5547382960282117,-0.2515506493125189,-1.6076226606762296,1.6675285141172926,-1.1478994135397134,-1.3032270108900277,0.0
860,-1.5990624034539584,-1.2162978275872516,-1.5886698947000373,-0.8552181826449161,0.9987445310383328,0.9135518117803744,0.0
861,-0.6240407262421335,-0.5021978518932744,-0.4039466507088084,1.2095268913744106,-1.1431959868425705,-1.2226316310116048,0.0
862,0.550422820189365,0.3004608503569217,0.2760061485662405,-0.8953369319711425,0.8463535060507597,1.090977612088269,0.0
863,1.658010504660352,1.74237576990706,1.3022327419611497,0.7050523074554959,-1.139433245484848,-1.079183451285549,0.0
864,-0.468869607068726,-0.4101716017830785,-0.0189478662153237,-0.7613378173737623,1.0862282676052768,0.8460604289181558,0.0
865,-0.801280037350266,-0.008723624852186,-0.9253932337250342,-0.5004413543640791,-0.0209583769032084,0.0702574197287337,0.0
866,0.6611985763602468,-0.5641205225177462,1.2540504999244353,-0.8225126804767968,0.8425907646930438,0.926771773371943,0.0
867,1.28150047260178,1.628768748204339,0.8747528502838151,-0.8645003156412014,0.8689299541970678,1.175747716679819,0.0
868,-0.8677532158109912,-0.1992549190813318,-1.1119491610021226,-0.8477426392922033,0.9347779279571308,0.9074056892860488,0.0
869,-1.3774440971150324,-1.0970697677022905,-1.450605499213985,-0.7682526949750218,1.0805841555686997,0.9113484848484464,0.0
870,-0.0700146613815539,-0.0807659892170848,0.0143757133972559,1.8731059563169,-1.1535435255762905,-1.3340735879370214,0.0
871,1.7244760828720798,1.4446706226740216,1.1976003369293984,-0.8615723944947222,0.9394813546542808,0.9690988433800356,0.0
872,0.2180139462728074,-0.0731100622123772,0.4631965981228164,-0.8432573132805754,1.1266777372007433,1.054912629149867,0.0
873,1.1707114613891312,1.759804638296797,0.7718932813696213,-0.7886858468057706,0.9846342509468904,0.8996360627366181,0.0
874,-0.1807757099033518,-1.1448120920033846,-0.2890279699302232,-0.9126552740715944,0.8839809196279377,0.9591258898986768,0.0
875,-0.3802112499054302,-0.2122581324087492,-0.2466297651547488,0.8576156880454467,-1.1714165470254487,-1.16348969757564,0.0
876,0.2401682570698933,-0.0344380495235325,0.5098323913879198,-0.8376506557660407,1.064592504798396,1.0735829257835738,0.0
877,-0.1586076771550043,-0.7605739819746078,-0.3433131046450035,-0.8613232097162985,1.0241430352029297,0.9237566944124624,0.0
878,1.4143785829187512,1.6011471855783015,0.9970530339619448,0.3841023128456851,-1.0359578581476068,-0.8818117440149364,0.0
879,-0.7569715195137597,-0.4494914938727996,-0.8000894320203944,-0.8549067016718865,0.9818121949286016,0.957502385843572,0.0
880,-0.0035336751565001,0.505318491901189,0.1102682914537803,0.4122601928075706,-1.0839328104585115,-0.9220514516664656,0.0
881,0.3066405017116291,-0.0278315046470051,0.5467112088981197,1.0008346394445065,-1.1450773575214248,-1.1678963514394962,0.0
882,-0.5575416861832837,-0.3811447796114829,-0.0826201044014908,1.1909003291872342,-1.1384925601454206,-1.2062806258851912,0.0
883,-0.2915509732253226,-0.4500024973439124,-0.3433449901866872,0.8515729571686703,-1.17800134440146,-1.1631418038495462,0.0
884,1.702326441169941,1.5502567148926731,1.2546116854580498,-0.8887958315375187,1.1097454010910122,1.0212829022941223,0.0
885,1.370081582183115,1.03501008995739,0.8677507853302961,-0.786193999021533,0.9178455918474,0.8139382415421512,0.0
886,-1.6974305845301954,-0.8206990153882046,-1.7898038916344527,-0.0707222039722943,-0.7048366186684365,-0.4834734276374083,0.0
887,1.658010504660352,1.74237576990706,1.3022327419611497,-0.4258105132261611,-0.1404254150107534,-0.0145126848628159,0.0
888,0.7498115395448887,0.5392089721103396,1.2709753454496069,0.0258991938615211,-0.7471674589427575,-0.5528202437054611,0.0
889,-1.2000982268844365,-1.3893911283646805,-1.1279684571435074,-0.7092581986831952,0.9423034106725692,0.7227900853055463,0.0
890,-0.3802112499054302,-0.2122581324087492,-0.2466297651547488,0.4527527193014325,-1.193992995171757,-1.0283909672758378,0.0
891,-0.468869607068726,-0.4101716017830785,-0.0189478662153237,-0.3509304873098193,-0.2457821730268558,-0.1102994241140062,0.0
892,-0.4467188759110997,-0.2889999036954911,-0.0726176099756298,2.0131478017910567,-1.1554248962551517,-1.3508884513648935,0.0
893,1.2593510643543888,1.8023274271429544,0.904215090798621,-0.8292406694942386,1.0156768671480638,1.1840971661060729,0.0
894,1.7244760828720798,1.4446706226740216,1.1976003369293984,-0.8008959009485351,1.0043886430749098,0.7999065279230303,0.0
895,-0.6240407262421335,-0.5021978518932744,-0.4039466507088084,1.7609105098315991,-1.1422553015031365,-1.313315928946751,0.0
896,-0.5353405547396431,-0.4897512673468887,-0.0342146635729959,0.1070088392384569,-0.8459394195828556,-0.6687848190700982,0.0
897,-0.889897877145186,-0.2806413469180043,-1.1624749903525164,0.222132206870237,-1.0039745566070055,-0.8049272305481823,0.0
898,0.4617499888317325,0.6581085297638741,0.3680628959583385,-0.7932334690120044,1.0184989231663524,0.8345799359570567,0.0
899,-1.4660593689077317,-1.43769008144681,-1.598525715634159,-0.909727352925115,0.8567010447844865,1.1748200000769016,0.0
900,1.1928857974156577,1.8300858656987555,0.7839460161256788,-0.9050551383296694,0.940422039993708,1.2202781136198395,0.0
901,-1.6656067596732134,-1.9115728004079209,-1.8452177745248028,2.0007508590644743,-1.1855268271168913,-1.3738494372870915,0.0
902,-1.4439159007866895,-1.69502595446195,-1.599393002367927,-0.8616969868839341,0.8792774929307946,1.187228209640918,0.0
903,-1.288743303066549,-0.9830612432722652,-1.11016994777623,-0.8759628154486948,0.9122014798108228,1.348303004822399,0.0
904,1.0599350307934237,-0.1384363809569396,1.250087127093276,-0.8633789841382945,0.7673359375386879,1.0195434336636526,0.0
905,0.0407827801414164,0.8362023645086148,0.2091166592242927,1.9415694741888296,-1.151662154897436,-1.338248312650148,0.0
906,-0.3802112499054302,-0.2122581324087492,-0.2466297651547488,-0.7247076549454686,0.7852089589878463,0.6452097843866041,0.0
907,1.3036687906837077,1.3877667361408326,0.8211436890527061,-0.8316079248892644,0.8839809196279377,1.182125768324874,0.0
908,1.1928857974156577,1.8300858656987555,0.7839460161256788,-0.4038822527248696,-0.2156802421651094,-0.0542885342128864,0.0
909,-1.288743303066549,-0.9830612432722652,-1.11016994777623,-0.8599526934349678,0.9150235358291112,1.346679500767294,0.0
910,0.2844796801210335,-0.1258894207287289,0.58757253056449,-0.858644473348243,0.8604637861422022,1.1036177508030147,0.0
911,0.794106880157877,0.8533666061008113,1.1991563513635135,0.1225205916953364,-0.8638124410320139,-0.6796854891543742,0.0
912,1.347947945100879,0.9577025648276324,0.8085361458713705,1.222048426490205,-1.075466642403646,-1.1793768444005952,0.0
913,1.6137557332945722,2.0121034770966832,1.3818381853261557,-0.80220412103526,0.98933767764404,0.7772934357269261,0.0
914,0.6611985763602468,-0.5641205225177462,1.2540504999244353,-0.8293652618834505,0.7993192390792888,0.9142475992325622,0.0
915,0.0186165631522149,0.799145487790966,0.1505556733698612,1.4369080016860971,-1.135670504127132,-1.2549857475383386,0.0
916,0.794106880157877,0.8533666061008113,1.1991563513635135,-0.8985140378960457,0.848234876729621,0.7770615065761965,0.0
917,0.4174259332848184,0.7659211371066594,0.4305171064522253,-0.8772710355354196,1.011914125790348,1.2529801238726674,0.0
918,-1.0006545159662004,-0.6188982696086267,-1.248913505300124,-0.8999468503719822,1.1182115691458778,0.9602855356523232,0.0
919,1.5916260908824578,2.1258291246052003,1.3955107055996936,-0.8580838075967895,0.9347779279571308,0.7825118416183345,0.0
920,1.325798484974655,1.1225650596953507,0.7910915660167701,-0.7821447463721468,0.8943284583616644,0.8178810371045488,0.0
921,0.7719579647593968,0.7723725559294555,1.2255001859017538,-0.7895579935302538,0.9272524452416928,0.7797286918095832,0.0
922,-1.02280200469678,-0.8883339748147548,-1.2492355492711174,-0.2730602440523924,-0.3906477152989906,-0.21292807331171,0.0
923,-0.4910127898561875,-0.5473577836528569,0.0012866985365117,1.6176292622379336,-1.1366111894665594,-1.2920944116550224,0.0
924,-0.0700146613815539,-0.0807659892170848,0.0143757133972559,-0.3011558278196721,-0.2645958798154414,-0.1286218270216188,0.0
925,1.2593510643543888,1.8023274271429544,0.904215090798621,-0.0334067834033352,-0.6427513862660892,-0.461788052044221,0.0
926,1.3922263472749752,1.34273455524903,0.908315571459015,-0.7999614580294462,1.0175582378269252,1.086223064498319,0.0
927,0.9491450079435362,-0.0968260983091949,0.9879305804865268,-0.8651232775872609,0.946066152030285,1.0069032949489074,0.0
928,-0.0035336751565001,0.505318491901189,0.1102682914537803,-0.8941533042736296,1.0156768671480638,0.8397983418484652,0.0
929,-0.0035336751565001,0.505318491901189,0.1102682914537803,-0.540996177052547,0.23114529406389,0.2477991846119929,0.0
930,-0.0700146613815539,-0.0807659892170848,0.0143757133972559,-0.7673805482505386,1.1003385476967191,0.8138222769667864,0.0
931,-0.9563632997204154,-0.3069762758042724,-1.24637860473635,-0.2482040624046217,-0.4019359393721447,-0.2302067950410408,0.0
932,1.48085173544006,1.9028673600843684,1.4217301865253702,1.9914687260681887,-1.1149754266596852,-1.316215043330867,0.0
933,-0.4467188759110997,-0.2889999036954911,-0.0726176099756298,0.1381569365414277,-0.8967364279120489,-0.7184176573261629,0.0
934,-1.6878509505480344,-1.1016322986943663,-1.812767858754328,-0.5129628894798733,0.3515530175108622,0.3207409025163498,0.0
935,0.594732090268946,0.1809042882405301,0.7245241206458167,1.3405357886307057,-1.109331314623108,-1.221587949833323,0.0
936,-0.202932536823826,-1.149429373367367,-0.2766021743364788,-0.8859925027802512,0.9394813546542808,1.0169922130056308,0.0
937,-1.510407392475375,-0.6274484526877799,-1.4610767111025806,0.2004531311473693,-0.9456520655623808,-0.7505398447021674,0.0
938,0.3288024386971289,0.2077958459078333,0.4809759761650848,0.0446503484379095,-0.8355918808491288,-0.6338794818853425,0.0
939,-0.468869607068726,-0.4101716017830785,-0.0189478662153237,1.6175669660433276,-1.1366111894665594,-1.2927901991072104,0.0
940,0.6390413603485271,-0.4113669849030029,1.212219857790913,-0.176438846218577,-0.539275998928848,-0.3620585172306332,0.0
941,0.7719579647593968,0.7723725559294555,1.2255001859017538,-0.8227618652552208,0.924430389223404,0.7837874519473454,0.0
942,0.8383963325233486,0.7227230936736703,1.1522112683440875,-0.7886858468057706,0.9648798588188706,0.7601306785729598,0.0
943,0.9269793097426622,0.0469483783131432,1.0174916661805498,-0.9011927742641012,0.9479475227091464,0.9380203371823128,0.0
944,-1.0449748881159897,-1.1136591303894838,-1.2589829593635171,1.8978998417700648,-1.1657724349888718,-1.3471775849532253,0.0
945,0.0186165631522149,0.799145487790966,0.1505556733698612,-0.3166052840819455,-0.2664772504943026,-0.1235193857055747,0.0
946,0.9269793097426622,0.0469483783131432,1.0174916661805498,1.0101790686353975,-1.0952210345316655,-1.1438916843390163,0.0
947,-0.9342076660130946,-0.3326633252896674,-1.2314115314704948,-0.860637951575633,1.081524840908127,0.8952294088727619,0.0
948,-0.9563632997204154,-0.3069762758042724,-1.24637860473635,-0.7858202218538973,1.0692959314955457,0.9105367328208938,0.0
949,-1.510407392475375,-0.6274484526877799,-1.4610767111025806,-0.8418245008046389,1.1003385476967191,0.9100728745194354,0.0
950,0.129383240527366,-0.4765016773458955,0.3030323336964904,-0.7924236184821272,0.951710264066862,0.8064005441434497,0.0
951,0.9269793097426622,0.0469483783131432,1.0174916661805498,-0.1546974743011034,-0.5872509512397528,-0.4209685215158689,0.0
952,0.129383240527366,-0.4765016773458955,0.3030323336964904,-0.87465459536197,1.0090920697720596,0.998089987221195,0.0
953,0.3731106452606386,0.7152131676607102,0.4030604665092607,-0.7954761320178183,0.8698706395364951,0.9081014767382368,0.0
954,0.7498115395448887,0.5392089721103396,1.2709753454496069,-0.8879236848130355,0.8868029756462261,0.8021098548549582,0.0
955,0.9269793097426622,0.0469483783131432,1.0174916661805498,-0.2605387089365981,-0.447088835664761,-0.2865655786682545,0.0
956,0.9269793097426622,0.0469483783131432,1.0174916661805498,0.0976644100475657,-0.8703972384080183,-0.6876870448545341,0.0
957,-1.3774440971150324,-1.0970697677022905,-1.450605499213985,-0.5253598322064557,0.1022714025620522,0.1601299656363272,0.0
958,0.7055274306991901,-0.2002860510855411,1.32754348494887,2.022429934787342,-1.1610690082917288,-1.3573824675853132,0.0
959,1.325798484974655,1.1225650596953507,0.7910915660167701,-0.7666952901098733,0.820955001886163,0.7409965236377943,0.0
960,-1.5990624034539584,-1.2162978275872516,-1.5886698947000373,-0.061315478586797,-0.6342852182112236,-0.4661947059080772,0.0
961,-0.889897877145186,-0.2806413469180043,-1.1624749903525164,-0.7774725317767012,1.0834062115869882,0.858120744756078,0.0
962,-1.3330901334210392,-0.747589018771158,-1.359211971088889,-0.8362178432901041,1.0956351209995696,1.2608657149974625,0.0
963,-0.801280037350266,-0.008723624852186,-0.9253932337250342,-0.8392703568257953,1.0805841555686997,0.9290910648792357,0.0
964,-0.9342076660130946,-0.3326633252896674,-1.2314115314704948,-0.8015811590892006,1.0834062115869882,0.8907067904335408,0.0
965,1.3036687906837077,1.3877667361408326,0.8211436890527061,-0.907546986113907,0.827539799262174,1.2107690184399391,0.0
966,-1.0671454369877251,-1.215604322876456,-1.2690141507768906,1.3154927183991172,-1.141314616163709,-1.2317928324654113,0.0
967,0.8605351574888592,0.5749518399022714,1.127034444631435,-0.5753213802804209,0.2396114621187555,0.270528241383462,0.0
968,0.6390413603485271,-0.4113669849030029,1.212219857790913,-0.769124841699505,0.8360059673170396,0.930366675208247,0.0
969,-0.2472421959946527,-0.7033507182719758,-0.3504267689944133,1.8449480763550143,-1.1535435255762905,-1.3366248085950432,0.0
970,-0.2693979593990555,-0.5202745996838841,-0.3573554972020614,-0.3727964516165049,-0.3229183708600729,-0.1398703908319885,0.0
971,1.1928857974156577,1.8300858656987555,0.7839460161256788,-0.8577100304291538,0.9413627253331353,1.2129723453718673,0.0
972,-1.0893023676658649,-1.3246579386490882,-1.2845200896971842,-0.8461852344270547,1.139847331952759,1.1554539159910076,0.0
973,-1.288743303066549,-0.9830612432722652,-1.11016994777623,1.807632655786056,-1.1554248962551517,-1.3279274654426954,0.0
974,-0.9785031103837484,-0.4014297924022555,-1.2538493871526035,-0.8371522862091932,1.1417287026316132,0.9503125821709644,0.0
975,-0.9785031103837484,-0.4014297924022555,-1.2538493871526035,-0.8307980743593871,1.1426693879710403,0.9505445113216938,0.0
976,1.525160097640068,1.956659600480962,1.5094505002486225,-0.7742331296571923,1.010032755111487,0.7827437707690637,0.0
977,1.702326441169941,1.5502567148926731,1.2546116854580498,-0.7711806161215011,0.9818121949286016,0.8102273751304828,0.0
978,-0.5131737152044488,-0.5787023715684275,-0.0024502869487008,0.3811120955045998,-1.130026392090555,-0.9637986987977348,0.0
979,-0.7569715195137597,-0.4494914938727996,-0.8000894320203944,-0.8524771500822548,0.9818121949286016,0.9551830943362792,0.0
980,-1.5325772150434522,-0.1119280758929726,-1.5286676823615506,1.5957632979312482,-1.1441366721819977,-1.2771349814329842,0.0
981,-0.2915509732253226,-0.4500024973439124,-0.3433449901866872,-0.8927204917976931,1.0890503236235654,1.189431536572846,0.0
982,0.2844796801210335,-0.1258894207287289,0.58757253056449,1.0039494491748036,-1.1347298187877048,-1.170911430398977,0.0
983,-0.6018677390652586,-0.4815752118090846,-0.2850103916782044,1.427688164884418,-1.1328484481088434,-1.2613637991833937,0.0
984,-1.4439159007866895,-1.69502595446195,-1.599393002367927,-0.7652624776339366,0.8736333808942176,0.8483797204254485,0.0
985,-0.3802112499054302,-0.2122581324087492,-0.2466297651547488,-0.832106294446112,1.1041012890544353,1.155685845141737,0.0
986,1.104256336762202,0.9633144779478888,0.9865945762900216,0.6800715334185133,-1.1704758616860216,-1.057730004843091,0.0
987,0.4838934310133578,0.5712470647367055,0.3403065319235566,-0.8380244329336763,1.2658991674363012,1.2248007320590604,0.0
988,-1.576916289512447,-0.7353431855884227,-1.6009330740312004,-0.7215305490205656,0.8604637861422022,0.6737370699263051,0.0
989,-0.9785031103837484,-0.4014297924022555,-1.2538493871526035,-0.7882497734435291,1.1163301984670164,0.9390640183605948,0.0
990,1.0821021297227815,0.3893480791445705,1.1223185730165646,1.7391068417195197,-1.1309670774299825,-1.299864038204453,0.0
991,0.1072469057458272,-0.1636215520332057,0.2704484986509483,1.6892075898401604,-1.1328484481088434,-1.2919784470796578,0.0
992,0.2180139462728074,-0.0731100622123772,0.4631965981228164,-0.8494246365465637,1.125737051861316,1.061638574521016,0.0
993,-1.643423941457533,-2.110581277220343,-1.7301492317003069,-0.8119846235883927,0.90279462641653,0.920393721726888,0.0
994,1.5030086401787832,1.9410648695500423,1.493966881207508,-0.7919252489252796,0.9441847813514238,0.8249548762017916,0.0
995,-1.576916289512447,-0.7353431855884227,-1.6009330740312004,-0.8978910759499863,0.865167212839352,0.9861456359586372,0.0
996,0.9491450079435362,-0.0968260983091949,0.9879305804865268,-0.7625837412658811,0.9300745012599811,0.7790329043573953,0.0
997,-1.3109110504813164,-0.8175964943135895,-1.2505364793717717,1.4712332049139711,-1.1347298187877048,-1.2598562597036536,0.0
998,-1.111451620276758,-1.402987470721068,-1.3074649254920476,-0.8143518789834187,1.1501948706864786,1.1731964960217969,0.0
999,-0.4910127898561875,-0.5473577836528569,0.0012866985365117,-0.2700077305167013,-0.4169869048030146,-0.2623289824170454,0.0
1000,0.7055274306991901,-0.2002860510855411,1.32754348494887,0.9635192188755476,-1.1159161119991123,-1.1400648533519833,0.0
1001,1.0377700848356246,-0.4644839707127652,1.2354739833400992,1.0600160243201509,-1.1140347413202512,-1.178449127797678,0.0
1002,1.28150047260178,1.628768748204339,0.8747528502838151,-0.8208929794170424,1.0721179875138342,1.012701523717139,0.0
1003,-0.4023817728377497,-0.1844814437289841,-0.1934478701821887,-0.3665045359613047,-2.376434466834605,-0.224756459998903,1.0
1004,1.347947945100879,0.9577025648276324,0.8085361458713705,-0.7874399229136517,0.8783368075913606,0.7750901087949977,0.0
1005,-0.4023817728377497,-0.1844814437289841,-0.1934478701821887,-0.8183388354381989,-1.2410272621432343,0.9419631327447104,1.0
1006,-0.4023817728377497,-0.1844814437289841,-0.1934478701821887,-0.8189617973842582,-1.2560782275741045,0.9470655740607544,1.0
1007,-0.4023817728377497,-0.1844814437289841,-0.1934478701821887,-0.7495638365932393,0.2443148888158986,0.4847148120819468,1.0
1008,-0.3358840038103021,-0.3340959600211806,-0.3026749817704149,-0.6592343544146242,0.5105288398744396,0.4254569140706169,0.0
1009,-0.3802112499054302,-0.2122581324087492,-0.2466297651547488,-0.6374929824971505,0.3506123321714282,0.3209728316670789,0.0
1010,1.1485587588358606,1.622901333348526,0.8069259260163943,-0.8180896506597751,1.076821414210984,1.0132813465939623,0.0
1011,-0.4023817728377497,-0.1844814437289841,-0.1934478701821887,-0.819210982162682,-1.2617223396106814,0.9486890781158596,1.0
1012,-0.4023817728377497,-0.1844814437289841,-0.1934478701821887,-0.8195224631357118,-1.2711291930049742,0.9520520508014338,1.0
1013,-0.4023817728377497,-0.1844814437289841,-0.1934478701821887,-0.8198962403033474,-1.280536046399267,0.9551830943362792,1.0
1014,-0.4023817728377497,-0.1844814437289841,-0.1934478701821887,-0.8200208326925593,-1.2842987877569894,0.956806598391384,1.0
1015,-0.4023817728377497,-0.1844814437289841,-0.1934478701821887,-0.8204569060548008,-1.292764955811855,0.9598216773508644,1.0
1016,-0.4023817728377497,-0.1844814437289841,-0.1934478701821887,-0.8206437946386187,-1.2965276971695707,0.9614451814059696,1.0
1017,-0.4023817728377497,-0.1844814437289841,-0.1934478701821887,-0.8208306832224366,-1.3012311238667205,0.96295272088571,1.0
1018,-0.4023817728377497,-0.1844814437289841,-0.1934478701821887,-0.8213290527792839,-1.3144007186187292,0.9672434101742012,1.0
1019,-0.4023817728377497,-0.1844814437289841,-0.1934478701821887,-0.8217651261415256,-1.3266296280313172,0.9713021703119636,1.0
1020,-0.4023817728377497,-0.1844814437289841,-0.1934478701821887,-0.8215782375577079,-1.32098551599474,0.9696786662568588,1.0
1021,-0.4023817728377497,-0.1844814437289841,-0.1934478701821887,-0.8225126804767968,-1.347324705498764,0.9782600448338418,1.0
1022,-0.4023817728377497,-0.1844814437289841,-0.1934478701821887,-0.8219520147253433,-1.3313330547284603,0.9730416389424332,1.0
1023,-0.4023817728377497,-0.1844814437289841,-0.1934478701821887,-0.8221389033091614,-1.3369771667650372,0.9747811075729028,1.0
1024,-0.4023817728377497,-0.1844814437289841,-0.1934478701821887,-0.8228864576444325,-1.3576722442324842,0.9816230175194166,1.0
1025,-0.4023817728377497,-0.1844814437289841,-0.1934478701821887,-0.8231356424228564,-1.362375670929634,0.983362486149886,1.0
1026,1.1485587588358606,1.622901333348526,0.8069259260163943,-0.8013319743107769,0.994981789680617,0.8607879299894646,1.0
1027,1.28150047260178,1.628768748204339,0.8747528502838151,-0.7964728711315133,0.951710264066862,0.8554535595226914,0.0
1028,-0.4023817728377497,-0.1844814437289841,-0.1934478701821887,-0.8235717157850979,-1.373663895002788,0.9870733525615544,1.0
1029,-0.4023817728377497,-0.1844814437289841,-0.1934478701821887,-0.8237586043689158,-1.3802486923787922,0.9890447503427534,1.0
1030,-0.4023817728377497,-0.1844814437289841,-0.1934478701821887,-0.8240077891473395,-1.3868334897548034,0.9910161481239522,1.0
1031,-0.4023817728377497,-0.1844814437289841,-0.1934478701821887,-0.8241946777311573,-1.3943589724702348,0.9931035104805152,1.0
1032,-0.4023817728377497,-0.1844814437289841,-0.1934478701821887,-0.8185880202166226,-1.2466713741798114,0.94370260137518,1.0
1033,-0.4023817728377497,-0.1844814437289841,-0.1934478701821887,-0.8246307510933989,-1.408469252561677,0.9973941997690072,1.0
1034,-0.4023817728377497,-0.1844814437289841,-0.1934478701821887,-0.8243815663149752,-1.4009437698462393,0.9951908728370789,1.0
1035,-0.4023817728377497,-0.1844814437289841,-0.1934478701821887,-0.8243815663149752,-1.4009437698462393,0.9953068374124436,1.0
1036,-0.4023817728377497,-0.1844814437289841,-0.1934478701821887,-0.8250045282610345,-1.4216388473136927,1.001568924482134,1.0
1037,-0.4023817728377497,-0.1844814437289841,-0.1934478701821887,-0.8252537130394584,-1.428223644689697,1.003540322263333,1.0
1038,-0.4023817728377497,-0.1844814437289841,-0.1934478701821887,-0.8255028978178821,-1.433867756726274,1.0055117200445318,1.0
1039,-0.4023817728377497,-0.1844814437289841,-0.1934478701821887,-0.8258766749855178,-1.444215295460001,1.009338551031565,1.0
1040,-0.4023817728377497,-0.1844814437289841,-0.1934478701821887,-0.8260635635693356,-1.4498594074965712,1.0113099488127633,1.0
1041,-0.4023817728377497,-0.1844814437289841,-0.1934478701821887,-0.8263127483477594,-1.4555035195331485,1.0132813465939623,1.0
1042,-0.4023817728377497,-0.1844814437289841,-0.1934478701821887,-0.8266242293207889,-1.4658510582668751,1.0171081775809954,1.0
1043,-0.4023817728377497,-0.1844814437289841,-0.1934478701821887,-0.8264373407369713,-1.4611476315697252,1.015252744375161,1.0
1044,-0.4023817728377497,-0.1844814437289841,-0.1934478701821887,-0.8276209684344842,-1.4950123037891874,1.029052528843553,1.0
1045,-0.4023817728377497,-0.1844814437289841,-0.1934478701821887,-0.8271848950722425,-1.4799613383583177,1.0229064063492272,1.0
1046,-0.4023817728377497,-0.1844814437289841,-0.1934478701821887,-0.8281193379913316,-1.5128853252383458,1.035546545063973,1.0
1047,-0.4023817728377497,-0.1844814437289841,-0.1934478701821887,-0.8279947456021198,-1.5072412132017687,1.0333432181320443,1.0
1048,-0.4023817728377497,-0.1844814437289841,-0.1934478701821887,-0.8278701532129079,-1.5006564158257645,1.0311398912001166,1.0
1049,-0.4023817728377497,-0.1844814437289841,-0.1934478701821887,-0.8289291885212088,-1.5326397173663655,1.044011959065591,1.0
1050,-0.4023817728377497,-0.1844814437289841,-0.1934478701821887,-0.8285554113535731,-1.5232328639720727,1.0399531989278288,1.0
1051,-0.4023817728377497,-0.1844814437289841,-0.1934478701821887,-0.8292406694942386,-1.536402458724088,1.0459833568467902,1.0
1052,-0.4023817728377497,-0.1844814437289841,-0.1934478701821887,-0.8296144466618742,-1.5439279414395195,1.0498101878338228,1.0
1053,-0.4023817728377497,-0.1844814437289841,-0.1934478701821887,-0.8301128162187217,-1.5505127388155304,1.0535210542454914,1.0
1054,-0.4023817728377497,-0.1844814437289841,-0.1934478701821887,-0.8298013352456921,-1.546749997457808,1.051665621039657,1.0
1055,1.0599350307934237,-0.1384363809569396,1.250087127093276,0.583512431779304,-1.2438493181615229,-1.0706020727085657,1.0
1056,-0.4023817728377497,-0.1844814437289841,-0.1934478701821887,-0.8306111857755694,-1.5561568508521075,1.0572319206571597,1.0
1057,-0.4023817728377497,-0.1844814437289841,-0.1934478701821887,-0.8306734819701752,-1.5561568508521075,1.0581596372600768,1.0
1058,-0.4023817728377497,-0.1844814437289841,-0.1934478701821887,-0.830984962943205,-1.5608602775492506,1.061058751644193,1.0
1059,-0.4023817728377497,-0.1844814437289841,-0.1934478701821887,-0.8311718515270228,-1.5636823335675392,1.0627982202746624,1.0
1060,-0.4023817728377497,-0.1844814437289841,-0.1934478701821887,-0.8320439982515059,-1.569326445604116,1.0697560947965403,1.0
1061,-0.4023817728377497,-0.1844814437289841,-0.1934478701821887,-0.8316079248892644,-1.5674450749252549,1.0663931221109662,1.0
1062,-0.4023817728377497,-0.1844814437289841,-0.1934478701821887,-0.8317948134730822,-1.568385760264689,1.0680166261660708,1.0
1063,-0.4023817728377497,-0.1844814437289841,-0.1934478701821887,-0.8322308868353238,-1.5712078162829777,1.0714955634270102,1.0
1064,-0.4023817728377497,-0.1844814437289841,-0.1934478701821887,-0.8329161449759892,-1.5759112429801203,1.0784534379488884,1.0
1065,-0.4023817728377497,-0.1844814437289841,-0.1934478701821887,-0.8325423678083536,-1.5740298723012658,1.0749745006879494,1.0
1066,-0.4023817728377497,-0.1844814437289841,-0.1934478701821887,-0.833103033559807,-1.5768519283195543,1.0801929065793578,1.0
1067,-0.4023817728377497,-0.1844814437289841,-0.1934478701821887,-0.8334768107274426,-1.5777926136589815,1.0834399146895677,1.0
1068,-0.4023817728377497,-0.1844814437289841,-0.1934478701821887,-0.8338505878950784,-1.5787332989984089,1.0868028873751423,1.0
1069,1.347947945100879,0.9577025648276324,0.8085361458713705,-0.7933580614012162,0.882099548949083,0.7964275906620911,0.0
1070,-0.4023817728377497,-0.1844814437289841,-0.1934478701821887,-0.8370899900145872,-1.5759112429801203,1.1090680858451525,1.0
1071,-0.4023817728377497,-0.1844814437289841,-0.1934478701821887,-0.8386473948797357,-1.568385760264689,1.121128401683075,1.0
1072,-0.4023817728377497,-0.1844814437289841,-0.1934478701821887,-0.8367162128469515,-1.5768519283195543,1.1058210777349426,1.0
1073,-0.4023817728377497,-0.1844814437289841,-0.1934478701821887,-0.8364670280685278,-1.5768519283195543,1.1043135382552027,1.0
1074,-0.4023817728377497,-0.1844814437289841,-0.1934478701821887,-0.837276878598405,-1.5749705576406932,1.1105756253248928,1.0
1075,-0.4023817728377497,-0.1844814437289841,-0.1934478701821887,-0.8380244329336763,-1.5721485016224046,1.1167217478192186,1.0
1076,-0.4023817728377497,-0.1844814437289841,-0.1934478701821887,-0.8376506557660407,-1.5740298723012658,1.113706668859738,1.0
1077,-0.4023817728377497,-0.1844814437289841,-0.1934478701821887,-0.8378375443498585,-1.573089186961832,1.1152142083394785,1.0
1078,-0.4023817728377497,-0.1844814437289841,-0.1934478701821887,-0.8384605062959178,-1.569326445604116,1.1196208622033346,1.0
1079,-0.4023817728377497,-0.1844814437289841,-0.1934478701821887,-0.8393326530204012,-1.5636823335675392,1.1253031263962017,1.0
1080,-0.4023817728377497,-0.1844814437289841,-0.1934478701821887,-0.8343489574519257,-1.579673984337843,1.090165860060717,1.0
1081,-0.4023817728377497,-0.1844814437289841,-0.1934478701821887,-0.8355948813440447,-1.579673984337843,1.098051451185512,1.0
1082,-0.4023817728377497,-0.1844814437289841,-0.1934478701821887,-0.8345981422303497,-1.579673984337843,1.0917893641158218,1.0
1083,-0.4023817728377497,-0.1844814437289841,-0.1934478701821887,-0.8358440661224684,-1.5787332989984089,1.0996749552406169,1.0
1084,-0.4023817728377497,-0.1844814437289841,-0.1934478701821887,-0.8360309547062863,-1.5777926136589815,1.1011824947203572,1.0
1085,-0.4023817728377497,-0.1844814437289841,-0.1934478701821887,-0.8362801394847099,-1.5777926136589815,1.1026900342000974,1.0
1086,-0.4023817728377497,-0.1844814437289841,-0.1934478701821887,-0.8348473270087734,-1.5806146696772705,1.0934128681709263,1.0
1087,-0.4023817728377497,-0.1844814437289841,-0.1934478701821887,-0.8390834682419772,-1.5655637042464003,1.123911551491826,1.0
1088,-0.4023817728377497,-0.1844814437289841,-0.1934478701821887,-0.8399556149664605,-1.558978906870396,1.128666099081776,1.0
1089,-0.4023817728377497,-0.1844814437289841,-0.1934478701821887,-0.8350965117871971,-1.5806146696772705,1.0950363722260317,1.0
1090,-0.4023817728377497,-0.1844814437289841,-0.1934478701821887,-0.8399556149664605,-1.558978906870396,1.1295938156846934,1.0
1091,-0.4023817728377497,-0.1844814437289841,-0.1934478701821887,-0.839519541604219,-1.5618009628886846,1.126810665875942,1.0
1092,-0.4023817728377497,-0.1844814437289841,-0.1934478701821887,-0.8397687263826427,-1.5608602775492506,1.1282022407803178,1.0
1093,-0.4023817728377497,-0.1844814437289841,-0.1934478701821887,-0.8404539845233081,-1.5552161655126735,1.13226100091808,1.0
1094,-0.4023817728377497,-0.1844814437289841,-0.1934478701821887,-0.8402670959394903,-1.557097536191535,1.1309853905890688,1.0
1095,-0.4023817728377497,-0.1844814437289841,-0.1934478701821887,-0.8441294600050585,-1.520410807953784,1.1544102348127256,1.0
1096,-0.4023817728377497,-0.1844814437289841,-0.1934478701821887,-0.8412638350531854,-1.547690682797242,1.1360878319051129,1.0
1097,-0.4023817728377497,-0.1844814437289841,-0.1934478701821887,-0.8433196094751814,-1.5288769760086496,1.1493077934966816,1.0
1098,-0.4023817728377497,-0.1844814437289841,-0.1934478701821887,-0.8416999084154269,-1.542987256100092,1.1386390525631351,1.0
1099,-0.4023817728377497,-0.1844814437289841,-0.1934478701821887,-0.8419490931938506,-1.541105885421231,1.139914662892146,1.0
1100,-0.4023817728377497,-0.1844814437289841,-0.1934478701821887,-0.8428212399183339,-1.533580402705799,1.1452490333589194,1.0
1101,-0.4023817728377497,-0.1844814437289841,-0.1934478701821887,-0.8439425714212409,-1.522292178632645,1.1531346244837148,1.0
1102,-0.4023817728377497,-0.1844814437289841,-0.1934478701821887,-0.8421982779722743,-1.5382838294029424,1.1410743086457926,1.0
1103,-0.4023817728377497,-0.1844814437289841,-0.1934478701821887,-0.8431327208913635,-1.529817661348077,1.1478002540169414,1.0
1104,-0.4023817728377497,-0.1844814437289841,-0.1934478701821887,-0.842634351334516,-1.5354617733846538,1.1438574584545436,1.0
1105,-0.4023817728377497,-0.1844814437289841,-0.1934478701821887,-0.843693386642817,-1.5241735493114998,1.1518590141547038,1.0
1106,-0.4023817728377497,-0.1844814437289841,-0.1934478701821887,-0.8443163485888764,-1.5175887519354956,1.155685845141737,1.0
1107,-0.4023817728377497,-0.1844814437289841,-0.1934478701821887,-0.4350303500278404,-1.3595536149113454,-0.0735386537234162,1.0
1108,-0.4023817728377497,-0.1844814437289841,-0.1934478701821887,-0.4132889781103668,-1.1281450214116937,-0.1308251539535469,1.0
1109,-0.4023817728377497,-0.1844814437289841,-0.1934478701821887,-0.914088086547531,-0.3200963148417844,1.2982063082648754,1.0
1110,1.1485587588358606,1.622901333348526,0.8069259260163943,-0.8119223273937869,1.0486008540280989,0.9817389820947808,0.0
1111,1.1485587588358606,1.622901333348526,0.8069259260163943,-0.8088075176634898,1.0363719446155109,0.9645762249408149,0.0
1112,1.347947945100879,0.9577025648276324,0.8085361458713705,-0.8057550041277985,0.9545323200851504,0.9074056892860488,0.0
1113,1.347947945100879,0.9577025648276324,0.8085361458713705,-0.7952269472393945,0.9620578028005888,0.8139382415421512,1.0
1114,1.347947945100879,0.9577025648276324,0.8085361458713705,-0.7983417569696916,0.9093794237925344,0.8486116495761776,0.0
1115,1.1485587588358606,1.622901333348526,0.8069259260163943,-0.7970335368829669,0.951710264066862,0.8367832628889846,1.0
1116,1.1264077682840703,1.3772820399210406,0.8793571225027959,-0.8022664172298658,0.907498053113673,0.8573089927285253,0.0
1117,1.1485587588358606,1.622901333348526,0.8069259260163943,-0.7936695423742459,0.940422039993708,0.8131264895145986,0.0
1118,1.1485587588358606,1.622901333348526,0.8069259260163943,-0.8078730747444006,1.0344905739366563,0.9525159091028926,0.0
1119,1.1485587588358606,1.622901333348526,0.8069259260163943,-0.7972204254667846,0.9554730054245778,0.8370151920397139,0.0
1120,1.1485587588358606,1.622901333348526,0.8069259260163943,-0.7959122053800599,0.9470068373697124,0.8291296009149187,0.0
1121,1.347947945100879,0.9577025648276324,0.8085361458713705,-0.7945416890987292,0.8980911997193802,0.8021098548549582,0.0
1122,1.347947945100879,0.9577025648276324,0.8085361458713705,-0.7946039852933351,0.891506402343376,0.8057047566912618,0.0
1123,1.1485587588358606,1.622901333348526,0.8069259260163943,-0.7963482787423014,0.951710264066862,0.8319127507236701,0.0
1124,1.1485587588358606,1.622901333348526,0.8069259260163943,-0.7967220559099372,0.9507695787274348,0.8352757234092446,0.0
1125,1.1485587588358606,1.622901333348526,0.8069259260163943,-0.8005844199755056,0.9883969923046128,0.8494234016037303,1.0
1126,1.1485587588358606,1.622901333348526,0.8069259260163943,-0.8015188628945947,1.0081513844326324,0.884212774213121,1.0
1127,1.1485587588358606,1.622901333348526,0.8069259260163943,-0.8005221237808995,0.966761229497732,0.8452486768906032,0.0
1128,-0.4023817728377497,-0.1844814437289841,-0.1934478701821887,-0.8462475306216606,-1.5015971011651983,1.1658907277738249,1.0
1129,1.0599350307934237,-0.1384363809569396,1.250087127093276,1.7171785812182283,-1.2015184778871952,-1.3107647082887293,1.0
1130,0.9269793097426622,0.0469483783131432,1.0174916661805498,1.5398213151751128,-1.1215602240356894,-1.2758593711039732,0.0
1131,1.0599350307934237,-0.1384363809569396,1.250087127093276,2.1347499736618545,-1.2033998485660564,-1.3716461103551634,1.0
1132,1.0377700848356246,-0.4644839707127652,1.2354739833400992,2.044358195288633,-1.1582469522734402,-1.364456306682556,0.0
1133,0.9491450079435362,-0.0968260983091949,0.9879305804865268,2.203338083922996,-1.1544842109157176,-1.3697906771493296,0.0
1134,1.0599350307934237,-0.1384363809569396,1.250087127093276,1.3217223378597114,-1.1930523098323296,-1.2393305298641129,1.0
1135,1.1485587588358606,1.622901333348526,0.8069259260163943,-0.807561593771371,1.0241430352029297,0.9456739991563788,0.0
1136,1.1485587588358606,1.622901333348526,0.8069259260163943,-0.8027024905921075,1.0128548111297755,0.9141316346571978,0.0
1137,-0.4023817728377497,-0.1844814437289841,-0.1934478701821887,0.1037694371189481,-1.872227124900408,-0.7942584896146356,1.0
1138,-0.4023817728377497,-0.1844814437289841,-0.1934478701821887,-0.737166893866657,0.4550284048481033,0.4230216579879599,1.0
1139,-0.468869607068726,-0.4101716017830785,-0.0189478662153237,-0.6376175748863624,0.4710200556184004,0.4030757510252422,0.0
1140,-0.3802112499054302,-0.2122581324087492,-0.2466297651547488,-0.6810380225267036,0.5961312057625224,0.4764813272310574,0.0
1141,-0.3802112499054302,-0.2122581324087492,-0.2466297651547488,-0.6685164874109093,0.4992406158012856,0.4268484889749926,0.0
1142,-0.4245583655935006,-0.2152420276775682,-0.1312391783592572,-0.6903824517175949,0.5086474691955785,0.4512010498015665,0.0
1143,-0.4245583655935006,-0.2152420276775682,-0.1312391783592572,-0.6686410798001212,0.3825956337120292,0.3623721850722543,0.0
1144,-0.4023817728377497,-0.1844814437289841,-0.1934478701821887,-0.7309372744060628,0.6412841020551386,0.4002926012164908,1.0
1145,-0.4023817728377497,-0.1844814437289841,-0.1934478701821887,-0.6656508624590362,0.5443935120939019,0.3532109836184483,1.0
1146,-0.4023817728377497,-0.1844814437289841,-0.1934478701821887,-0.6375552786917563,0.4258671593257909,0.2959244833883176,1.0
1147,-0.4023817728377497,-0.1844814437289841,-0.1934478701821887,-0.6000529695389797,0.3101628625759617,0.2253020569912534,1.0
1148,-0.3802112499054302,-0.2122581324087492,-0.2466297651547488,-0.6094596949244768,0.2179756993118747,0.2366665853769877,0.0
1149,-0.4245583655935006,-0.2152420276775682,-0.1312391783592572,-0.6187418279207622,0.2339673500821785,0.2549889882846006,0.0
1150,-0.092125056746719,-0.0089882516497262,-0.0513371994566008,-0.5408715846633352,0.2255011820273129,0.2580040672440811,0.0
1151,-0.4023817728377497,-0.1844814437289841,-0.1934478701821887,-0.5846658094713121,0.1972806218444278,0.1847144556136303,1.0
1152,-0.4467188759110997,-0.2889999036954911,-0.0726176099756298,-0.537694478738432,0.0928645491677527,0.1457503582911124,0.0
1153,-0.4245583655935006,-0.2152420276775682,-0.1312391783592572,-0.5721442743555177,0.1342547041026532,0.1885412866006635,0.0
1154,-0.4023817728377497,-0.1844814437289841,-0.1934478701821887,-0.5689671684306148,0.0985086612043297,0.1520124453608026,1.0
1155,-0.3802112499054302,-0.2122581324087492,-0.2466297651547488,-0.4755851727163084,-0.0632892171775362,0.0383671615034587,0.0
1156,-0.3802112499054302,-0.2122581324087492,-0.2466297651547488,-0.5161399954047764,0.0401861701597048,0.1099173045034394,0.0
1157,-0.4245583655935006,-0.2152420276775682,-0.1312391783592572,-0.5191925089404674,0.0336013727837005,0.1095694107773455,0.0
1158,-0.4023817728377497,-0.1844814437289841,-0.1934478701821887,-0.5502160138542265,0.0204317780316852,0.1241809472732899,1.0
1159,-0.4023817728377497,-0.1844814437289841,-0.1934478701821887,-0.531527155472444,-0.1009166307547142,0.0906671849929096,1.0
1160,-0.4245583655935006,-0.2152420276775682,-0.1312391783592572,-0.4631259337951201,-0.122552393561595,-0.0072069166148437,0.0
1161,-0.4023817728377497,-0.1844814437289841,-0.1934478701821887,-0.4942740310980908,-0.4847162492419389,0.0462527526282537,1.0
1162,-0.4023817728377497,-0.1844814437289841,-0.1934478701821887,-0.7030285792226011,0.882099548949083,0.4658125862975109,1.0
1163,-0.4023817728377497,-0.1844814437289841,-0.1934478701821887,0.2160271797988546,-1.4818427090371789,-0.8908569808933783,1.0
1164,-0.4023817728377497,-0.1844814437289841,-0.1934478701821887,0.2783233744047962,-1.2438493181615229,-0.9339958029290232,1.0
1165,-0.4245583655935006,-0.2152420276775682,-0.1312391783592572,0.3685282641941997,-1.1573062669340062,-0.9809614559517011,0.0
1166,-0.4023817728377497,-0.1844814437289841,-0.1934478701821887,0.3530788079319261,-1.2175101286574923,-0.9967326382012918,1.0
1167,-0.4023817728377497,-0.1844814437289841,-0.1934478701821887,0.4464608036462325,-1.2184508139969263,-1.0486847679646492,1.0
1168,-0.4245583655935006,-0.2152420276775682,-0.1312391783592572,0.4308867549947471,-1.1930523098323296,-1.0282750027004732,0.0
1169,-0.4245583655935006,-0.2152420276775682,-0.1312391783592572,0.6582678653064338,-1.2203321846757809,-1.1237138482255695,0.0
1170,-0.4245583655935006,-0.2152420276775682,-0.1312391783592572,0.5367279896302419,-1.2175101286574923,-1.0802271324638306,0.0
1171,-0.4023817728377497,-0.1844814437289841,-0.1934478701821887,0.5337377722891566,-1.2156287579786378,-1.0719936476129412,0.0
1172,1.0599350307934237,-0.1384363809569396,1.250087127093276,0.1286879149613247,-0.8892109451966106,-0.6728435792078605,1.0
1173,1.0377700848356246,-0.4644839707127652,1.2354739833400992,0.1878692998369692,-0.895795742572615,-0.7500759864007088,0.0
1174,1.0599350307934237,-0.1384363809569396,1.250087127093276,0.3157010911683611,-1.1375518748059934,-0.8981627491413504,1.0
1175,0.9269793097426622,0.0469483783131432,1.0174916661805498,0.3000647463222698,-1.064178418330492,-0.8725345779857657,0.0
1176,0.7055274306991901,-0.2002860510855411,1.32754348494887,0.2938974230562816,-1.069822530367069,-0.8914368037702014,0.0
1177,1.0599350307934237,-0.1384363809569396,1.250087127093276,-0.2730602440523924,-0.4969451586545203,-0.2735775462274151,1.0
1178,0.971306244564794,-0.2676746338385222,0.9792226390529838,-0.1859078677986802,-0.4630804864350581,-0.2992057173829999,0.0
1179,1.0599350307934237,-0.1384363809569396,1.250087127093276,-0.4132266819157609,-0.2213243542016864,-0.0302838671124065,1.0
1180,0.9048134040264572,0.2164190294828602,1.067746468426639,-0.3852556905376931,-0.159239121799339,-0.031443512866053,0.0
1181,0.971306244564794,-0.2676746338385222,0.9792226390529838,-0.3042083413553632,-0.2222650395411136,-0.0795688116423773,0.0
1182,1.0599350307934237,-0.1384363809569396,1.250087127093276,-0.5908954289319063,0.0956866051860412,0.213357705728696,1.0
1183,0.6833590347990133,-0.4881270063137091,1.3049238816791686,-0.581488703546409,0.2998153238422416,0.3052016494174884,0.0
1184,0.9269793097426622,0.0469483783131432,1.0174916661805498,-0.5565079295094265,0.0787542690763168,0.155723311772471,0.0
1185,0.971306244564794,-0.2676746338385222,0.9792226390529838,-0.5253598322064557,0.2377300914398943,0.2667014103964288,0.0
1186,1.0377700848356246,-0.4644839707127652,1.2354739833400992,-0.6064694775833916,0.1878737684501349,0.2349271167465185,0.0
1187,1.0599350307934237,-0.1384363809569396,1.250087127093276,-0.6716935933358125,0.4926558184252813,0.4725385316686598,1.0
1188,0.727658214445625,0.1935424990885822,1.3125572803580048,-0.6499522214183387,0.4606725168846803,0.3982052388599272,0.0
1189,0.9269793097426622,0.0469483783131432,1.0174916661805498,-0.7091959024885892,0.6328179340002731,0.5248385551581112,0.0
1190,0.971306244564794,-0.2676746338385222,0.9792226390529838,-0.5876560268123973,0.5585037921853444,0.4580429597480802,0.0
1191,1.0377700848356246,-0.4644839707127652,1.2354739833400992,-0.6873299381819037,0.56696996024021,0.4754376460527756,0.0
1192,0.7055274306991901,-0.2002860510855411,1.32754348494887,-0.6467751154934358,0.6111821711933922,0.4996742423039847,0.0
1193,1.0599350307934237,-0.1384363809569396,1.250087127093276,-0.7642657385202415,0.7118355025123448,0.7038878595211105,0.0
1194,1.0599350307934237,-0.1384363809569396,1.250087127093276,-0.6965497749835831,0.6337586193397005,0.5730798185097998,1.0
1195,-0.4023817728377497,-0.1844814437289841,-0.1934478701821887,0.4962354631363799,-1.2165694433180652,-1.0683987457766375,0.0
1196,1.0599350307934237,-0.1384363809569396,1.250087127093276,-0.7278847608703717,0.6826742569900325,0.6369762995357151,1.0
1197,1.0599350307934237,-0.1384363809569396,1.250087127093276,-0.7497507251770571,0.7014879637786248,0.6761723260089626,1.0
1198,1.0599350307934237,-0.1384363809569396,1.250087127093276,-0.7607771516223087,0.7052507051363406,0.692291401984647,0.0
1199,-0.4023817728377497,-0.1844814437289841,-0.1934478701821887,0.4652119582226209,-1.2146880726392038,-1.0581938631445496,1.0
